7.735500000000000000e+03 2.908059999999999903e-06
7.745500000000000000e+03 4.393932999999999830e-06
7.755500000000000000e+03 6.489871000000000158e-06
7.765500000000000000e+03 9.420479999999999292e-06
7.775500000000000000e+03 1.334239999999999951e-05
7.785500000000000000e+03 1.876656000000000147e-05
7.795500000000000000e+03 2.547146999999999958e-05
7.805500000000000000e+03 3.575339000000000159e-05
7.815500000000000000e+03 5.097636999999999996e-05
7.825500000000000000e+03 7.683088000000000189e-05
7.835500000000000000e+03 1.275616999999999886e-04
7.845500000000000000e+03 2.211433000000000008e-04
7.855500000000000000e+03 4.305488999999999801e-04
7.865500000000000000e+03 9.348655999999999893e-04
7.875500000000000000e+03 2.121529999999999944e-03
7.885500000000000000e+03 5.002023999999999880e-03
7.895500000000000000e+03 1.176571000000000040e-02
7.905500000000000000e+03 2.482310000000000072e-02
7.915500000000000000e+03 4.660641000000000089e-02
7.925500000000000000e+03 7.676212999999999786e-02
7.935500000000000000e+03 1.135556000000000065e-01
7.945500000000000000e+03 1.499175000000000091e-01
7.955500000000000000e+03 1.824920999999999904e-01
7.965500000000000000e+03 2.099360999999999866e-01
7.975500000000000000e+03 2.302601999999999982e-01
7.985500000000000000e+03 2.447232000000000018e-01
7.995500000000000000e+03 2.539972999999999814e-01
8.005500000000000000e+03 2.604787000000000075e-01
8.015500000000000000e+03 2.636047000000000251e-01
8.025500000000000000e+03 2.645087999999999884e-01
8.035500000000000000e+03 2.650089999999999946e-01
8.045500000000000000e+03 2.661554999999999893e-01
8.055500000000000000e+03 2.669904000000000166e-01
8.065500000000000000e+03 2.662148999999999766e-01
8.075500000000000000e+03 2.629325000000000134e-01
8.085500000000000000e+03 2.584662999999999822e-01
8.095500000000000000e+03 2.551104000000000149e-01
8.105500000000000000e+03 2.545023000000000146e-01
8.115500000000000000e+03 2.564188000000000023e-01
8.125500000000000000e+03 2.596126999999999740e-01
8.135500000000000000e+03 2.617208999999999786e-01
8.145500000000000000e+03 2.639647999999999994e-01
8.155500000000000000e+03 2.632638999999999951e-01
8.165500000000000000e+03 2.629806000000000088e-01
8.175500000000000000e+03 2.647725000000000217e-01
8.185500000000000000e+03 2.692416999999999727e-01
8.195500000000000000e+03 2.739420000000000188e-01
8.205500000000000000e+03 2.803550000000000209e-01
8.215500000000000000e+03 2.850726000000000093e-01
8.225500000000000000e+03 2.873349000000000042e-01
8.235500000000000000e+03 2.880690000000000195e-01
8.245500000000000000e+03 2.874379000000000239e-01
8.255500000000000000e+03 2.842826999999999993e-01
8.265500000000000000e+03 2.811502000000000168e-01
8.275500000000000000e+03 2.794238000000000000e-01
8.285500000000000000e+03 2.792881999999999865e-01
8.295500000000000000e+03 2.804042999999999952e-01
8.305500000000000000e+03 2.812550999999999801e-01
8.315500000000000000e+03 2.817900999999999878e-01
8.325500000000000000e+03 2.811789000000000094e-01
8.335500000000000000e+03 2.794958000000000164e-01
8.345500000000000000e+03 2.773611000000000271e-01
8.355500000000000000e+03 2.774040999999999868e-01
8.365500000000000000e+03 2.783454000000000206e-01
8.375500000000000000e+03 2.804033000000000220e-01
8.385500000000000000e+03 2.828791999999999973e-01
8.395500000000000000e+03 2.848635999999999946e-01
8.405500000000000000e+03 2.868446000000000051e-01
8.415500000000000000e+03 2.884779000000000093e-01
8.425500000000000000e+03 2.899672999999999834e-01
8.435500000000000000e+03 2.912896999999999847e-01
8.445500000000000000e+03 2.926788000000000167e-01
8.455500000000000000e+03 2.927857999999999850e-01
8.465500000000000000e+03 2.929980999999999836e-01
8.475500000000000000e+03 2.917914999999999814e-01
8.485500000000000000e+03 2.915244000000000169e-01
8.495500000000000000e+03 2.925917000000000101e-01
8.505500000000000000e+03 2.935589000000000115e-01
8.515500000000000000e+03 2.956140999999999908e-01
8.525500000000000000e+03 2.951312999999999853e-01
8.535500000000000000e+03 2.944032999999999789e-01
8.545500000000000000e+03 2.938341999999999898e-01
8.555500000000000000e+03 2.921579000000000259e-01
8.565500000000000000e+03 2.920084000000000013e-01
8.575500000000000000e+03 2.918892000000000153e-01
8.585500000000000000e+03 2.927834999999999743e-01
8.595500000000000000e+03 2.922381000000000006e-01
8.605500000000000000e+03 2.934628000000000236e-01
8.615500000000000000e+03 2.935806000000000249e-01
8.625500000000000000e+03 2.920647000000000104e-01
8.635500000000000000e+03 2.917414999999999869e-01
8.645500000000000000e+03 2.937118000000000229e-01
8.655500000000000000e+03 2.947422000000000097e-01
8.665500000000000000e+03 2.989850000000000008e-01
8.675500000000000000e+03 3.006966999999999834e-01
8.685500000000000000e+03 3.014552999999999816e-01
8.695500000000000000e+03 3.034013999999999878e-01
8.705500000000000000e+03 3.060334000000000110e-01
8.715500000000000000e+03 3.048654000000000086e-01
8.725500000000000000e+03 3.072964999999999725e-01
8.735500000000000000e+03 3.075346999999999942e-01
8.745500000000000000e+03 3.076714999999999867e-01
8.755500000000000000e+03 3.044421999999999962e-01
8.765500000000000000e+03 3.036545999999999967e-01
8.775500000000000000e+03 3.054352000000000178e-01
8.785500000000000000e+03 3.038048999999999888e-01
8.795500000000000000e+03 3.002465000000000273e-01
8.805500000000000000e+03 3.026832999999999885e-01
8.815500000000000000e+03 3.004968000000000083e-01
8.825500000000000000e+03 3.006479000000000235e-01
8.835500000000000000e+03 2.996667000000000081e-01
8.845500000000000000e+03 2.999085000000000223e-01
8.855500000000000000e+03 2.940393000000000034e-01
8.865500000000000000e+03 2.907715000000000161e-01
8.875500000000000000e+03 2.955488000000000004e-01
8.885500000000000000e+03 3.021421000000000245e-01
8.895500000000000000e+03 3.000283999999999729e-01
8.905500000000000000e+03 3.013385000000000091e-01
8.915500000000000000e+03 3.081381000000000259e-01
8.925500000000000000e+03 3.108103999999999867e-01
8.935500000000000000e+03 3.117659999999999876e-01
8.945500000000000000e+03 3.127903000000000211e-01
8.955500000000000000e+03 3.133140999999999843e-01
8.965500000000000000e+03 3.120232000000000006e-01
8.975500000000000000e+03 3.107035000000000213e-01
8.985500000000000000e+03 3.093680999999999792e-01
8.995500000000000000e+03 3.083124999999999893e-01
9.005500000000000000e+03 3.072507999999999906e-01
9.015500000000000000e+03 3.053394999999999859e-01
9.025500000000000000e+03 3.042227000000000126e-01
9.035500000000000000e+03 3.016583999999999932e-01
9.045500000000000000e+03 2.999569999999999736e-01
9.055500000000000000e+03 3.004063000000000150e-01
9.065500000000000000e+03 2.988620000000000165e-01
9.075500000000000000e+03 2.976542999999999828e-01
9.085500000000000000e+03 2.991537000000000224e-01
9.095500000000000000e+03 3.001501999999999781e-01
9.105500000000000000e+03 3.027379000000000042e-01
9.115500000000000000e+03 3.047514000000000056e-01
9.125500000000000000e+03 3.074187999999999921e-01
9.135500000000000000e+03 3.114081000000000210e-01
9.145500000000000000e+03 3.137835999999999959e-01
9.155500000000000000e+03 3.169989999999999752e-01
9.165500000000000000e+03 3.216426000000000007e-01
9.175500000000000000e+03 3.230850000000000111e-01
9.185500000000000000e+03 3.258243000000000111e-01
9.195500000000000000e+03 3.265161999999999787e-01
9.205500000000000000e+03 3.264141999999999877e-01
9.215500000000000000e+03 3.273927999999999838e-01
9.225500000000000000e+03 3.266620000000000079e-01
9.235500000000000000e+03 3.259484000000000270e-01
9.245500000000000000e+03 3.232941999999999760e-01
9.255500000000000000e+03 3.225999999999999979e-01
9.265500000000000000e+03 3.211606000000000183e-01
9.275500000000000000e+03 3.192056999999999811e-01
9.285500000000000000e+03 3.174583999999999739e-01
9.295500000000000000e+03 3.170412000000000230e-01
9.305500000000000000e+03 3.160776000000000141e-01
9.315500000000000000e+03 3.158697999999999784e-01
9.325500000000000000e+03 3.155619000000000063e-01
9.335500000000000000e+03 3.149223999999999912e-01
9.345500000000000000e+03 3.147185000000000121e-01
9.355500000000000000e+03 3.141364999999999852e-01
9.365500000000000000e+03 3.137437000000000142e-01
9.375500000000000000e+03 3.139206999999999970e-01
9.385500000000000000e+03 3.132790999999999770e-01
9.395500000000000000e+03 3.137833999999999901e-01
9.405500000000000000e+03 3.152189000000000241e-01
9.415500000000000000e+03 3.159190000000000054e-01
9.425500000000000000e+03 3.180981999999999976e-01
9.435500000000000000e+03 3.198907999999999752e-01
9.445500000000000000e+03 3.226197000000000092e-01
9.455500000000000000e+03 3.240475999999999912e-01
9.465500000000000000e+03 3.255365000000000064e-01
9.475500000000000000e+03 3.249839999999999951e-01
9.485500000000000000e+03 3.244637000000000215e-01
9.495500000000000000e+03 3.241124000000000227e-01
9.505500000000000000e+03 3.228224000000000093e-01
9.515500000000000000e+03 3.230081000000000202e-01
9.525500000000000000e+03 3.202885999999999789e-01
9.535500000000000000e+03 3.197746000000000199e-01
9.545500000000000000e+03 3.180033999999999916e-01
9.555500000000000000e+03 3.171902999999999806e-01
9.565500000000000000e+03 3.158310999999999757e-01
9.575500000000000000e+03 3.144854000000000260e-01
9.585500000000000000e+03 3.152029000000000081e-01
9.595500000000000000e+03 3.159961000000000020e-01
9.605500000000000000e+03 3.170598000000000027e-01
9.615500000000000000e+03 3.185979999999999923e-01
9.625500000000000000e+03 3.209504000000000246e-01
9.635500000000000000e+03 3.233445999999999820e-01
9.645500000000000000e+03 3.259481000000000184e-01
9.655500000000000000e+03 3.277392000000000083e-01
9.665500000000000000e+03 3.292769999999999864e-01
9.675500000000000000e+03 3.306512999999999813e-01
9.685500000000000000e+03 3.316440999999999972e-01
9.695500000000000000e+03 3.329075000000000228e-01
9.705500000000000000e+03 3.318180000000000018e-01
9.715500000000000000e+03 3.315547999999999829e-01
9.725500000000000000e+03 3.309861000000000053e-01
9.735500000000000000e+03 3.302267999999999870e-01
9.745500000000000000e+03 3.278679999999999928e-01
9.755500000000000000e+03 3.284185000000000021e-01
9.765500000000000000e+03 3.258764000000000105e-01
9.775500000000000000e+03 3.244310000000000249e-01
9.785500000000000000e+03 3.225860999999999867e-01
9.795500000000000000e+03 3.208811999999999776e-01
9.805500000000000000e+03 3.185779000000000249e-01
9.815500000000000000e+03 3.194009999999999905e-01
9.825500000000000000e+03 3.199111000000000038e-01
9.835500000000000000e+03 3.214335999999999860e-01
9.845500000000000000e+03 3.235908000000000118e-01
9.855500000000000000e+03 3.270511999999999864e-01
9.865500000000000000e+03 3.287164000000000197e-01
9.875500000000000000e+03 3.311923999999999979e-01
9.885500000000000000e+03 3.323950999999999989e-01
9.895500000000000000e+03 3.333305999999999769e-01
9.905500000000000000e+03 3.332942999999999878e-01
9.915500000000000000e+03 3.324320000000000053e-01
9.925500000000000000e+03 3.321312000000000153e-01
9.935500000000000000e+03 3.304825000000000124e-01
9.945500000000000000e+03 3.291196000000000121e-01
9.955500000000000000e+03 3.299257999999999913e-01
9.965500000000000000e+03 3.290004999999999735e-01
9.975500000000000000e+03 3.283698999999999923e-01
9.985500000000000000e+03 3.256935000000000247e-01
9.995500000000000000e+03 3.209792000000000201e-01
1.000550000000000000e+04 3.101357000000000141e-01
1.001550000000000000e+04 2.915128000000000164e-01
1.002550000000000000e+04 2.625164999999999860e-01
1.003550000000000000e+04 2.246038999999999952e-01
1.004550000000000000e+04 1.861748000000000014e-01
1.005550000000000000e+04 1.507052999999999865e-01
1.006550000000000000e+04 1.240744000000000014e-01
1.007550000000000000e+04 1.000380000000000019e-01
1.008550000000000000e+04 8.289691999999999894e-02
1.009550000000000000e+04 6.742270999999999681e-02
1.010550000000000000e+04 5.746100999999999986e-02
1.011550000000000000e+04 4.799012999999999890e-02
1.012550000000000000e+04 4.182518000000000347e-02
1.013550000000000000e+04 3.546823999999999810e-02
1.014550000000000000e+04 3.125603999999999882e-02
1.015550000000000000e+04 2.664574999999999930e-02
1.016550000000000000e+04 2.356184000000000056e-02
1.017550000000000000e+04 1.997399999999999870e-02
1.018550000000000000e+04 1.681608000000000061e-02
1.019550000000000000e+04 1.354345000000000028e-02
1.020550000000000000e+04 1.047846000000000020e-02
1.021550000000000000e+04 7.821725999999999332e-03
1.022550000000000000e+04 5.647158999999999686e-03
1.023550000000000000e+04 4.172303999999999943e-03
1.024550000000000000e+04 2.928099999999999887e-03
1.025550000000000000e+04 2.075982000000000088e-03
1.026550000000000000e+04 1.453922999999999978e-03
1.027550000000000000e+04 1.042526000000000000e-03
1.028550000000000000e+04 7.567789999999999587e-04
1.029550000000000000e+04 5.409320999999999704e-04
1.030550000000000000e+04 4.148210000000000048e-04
1.031550000000000000e+04 3.069505000000000150e-04
1.032550000000000000e+04 2.325441999999999885e-04
1.033550000000000000e+04 1.761540000000000078e-04
1.034550000000000000e+04 1.366386000000000033e-04
1.035550000000000000e+04 1.048458999999999985e-04
1.036550000000000000e+04 8.320826999999999878e-05
1.037550000000000000e+04 6.676280999999999785e-05
1.038550000000000000e+04 5.225259000000000110e-05
1.039550000000000000e+04 4.312049000000000090e-05
1.040550000000000000e+04 3.493760000000000241e-05
1.041550000000000000e+04 2.856034000000000106e-05
1.042550000000000000e+04 2.346008000000000121e-05
1.043550000000000000e+04 1.956668999999999951e-05
1.044550000000000000e+04 1.680295000000000147e-05
1.045550000000000000e+04 1.396214999999999981e-05
1.046550000000000000e+04 1.214482000000000072e-05
1.047550000000000000e+04 1.086810000000000018e-05
1.048550000000000000e+04 9.003292000000000467e-06
1.049550000000000000e+04 8.506227000000000509e-06
1.050550000000000000e+04 7.516059999999999660e-06
1.051550000000000000e+04 6.720985000000000331e-06
1.052550000000000000e+04 6.035583999999999844e-06
1.053550000000000000e+04 5.515686999999999831e-06
1.054550000000000000e+04 4.314478999999999997e-06
1.055550000000000000e+04 4.952104999999999913e-06
1.056550000000000000e+04 5.048667999999999585e-06
1.057550000000000000e+04 4.271542000000000412e-06
1.058550000000000000e+04 4.337910000000000282e-06
1.059550000000000000e+04 3.885790000000000281e-06
1.060550000000000000e+04 3.662652000000000046e-06
1.061550000000000000e+04 3.623042999999999999e-06
1.062550000000000000e+04 3.609225000000000160e-06
1.063550000000000000e+04 2.881968999999999884e-06
1.064550000000000000e+04 3.228019000000000154e-06
1.065550000000000000e+04 2.797345999999999881e-06
1.066550000000000000e+04 3.810471999999999844e-06
1.067550000000000000e+04 2.940123000000000022e-06
1.068550000000000000e+04 3.435775000000000152e-06
1.069550000000000000e+04 2.951845000000000026e-06
