9.692000000000000000e+03 0.000000000000000000e+00
9.702000000000000000e+03 5.077654999999999922e-06
9.712000000000000000e+03 6.027539000000000330e-06
9.722000000000000000e+03 7.002107000000000246e-06
9.732000000000000000e+03 7.979834000000000753e-06
9.742000000000000000e+03 8.880255999999999973e-06
9.752000000000000000e+03 9.762962000000000598e-06
9.762000000000000000e+03 1.066873000000000043e-05
9.772000000000000000e+03 1.178235999999999979e-05
9.782000000000000000e+03 1.321021000000000002e-05
9.792000000000000000e+03 1.516630999999999981e-05
9.802000000000000000e+03 1.778442000000000006e-05
9.812000000000000000e+03 2.132196000000000075e-05
9.822000000000000000e+03 2.611590999999999912e-05
9.832000000000000000e+03 3.248778000000000288e-05
9.842000000000000000e+03 4.071494000000000155e-05
9.852000000000000000e+03 5.121103999999999750e-05
9.862000000000000000e+03 6.401926000000000274e-05
9.872000000000000000e+03 7.934032000000000476e-05
9.882000000000000000e+03 9.723367000000000175e-05
9.892000000000000000e+03 1.176975999999999961e-04
9.902000000000000000e+03 1.409453000000000073e-04
9.912000000000000000e+03 1.668259999999999914e-04
9.922000000000000000e+03 1.960300000000000052e-04
9.932000000000000000e+03 2.293862000000000028e-04
9.942000000000000000e+03 2.684035999999999996e-04
9.952000000000000000e+03 3.149010000000000264e-04
9.962000000000000000e+03 3.726379000000000258e-04
9.972000000000000000e+03 4.465631999999999870e-04
9.982000000000000000e+03 1.318851000000000051e-02
9.992000000000000000e+03 2.744597000000000009e-02
1.000200000000000000e+04 4.342348000000000041e-02
1.001200000000000000e+04 4.838924000000000003e-02
1.002200000000000000e+04 5.429926000000000197e-02
1.003200000000000000e+04 6.034496999999999778e-02
1.004200000000000000e+04 6.786714000000000635e-02
1.005200000000000000e+04 7.618563000000000418e-02
1.006200000000000000e+04 8.699241000000000612e-02
1.007200000000000000e+04 9.914926000000000295e-02
1.008200000000000000e+04 1.129296999999999940e-01
1.009200000000000000e+04 1.282716999999999885e-01
1.010200000000000000e+04 1.445987999999999996e-01
1.011200000000000000e+04 1.624300999999999939e-01
1.012200000000000000e+04 1.803200000000000081e-01
1.013200000000000000e+04 1.986574000000000118e-01
1.014200000000000000e+04 2.149716000000000127e-01
1.015200000000000000e+04 2.290260000000000074e-01
1.016200000000000000e+04 2.391371999999999942e-01
1.017200000000000000e+04 2.463110000000000022e-01
1.018200000000000000e+04 2.498730999999999869e-01
1.019200000000000000e+04 2.516753999999999936e-01
1.020200000000000000e+04 2.516914000000000096e-01
1.021200000000000000e+04 2.519826000000000010e-01
1.022200000000000000e+04 2.514134000000000091e-01
1.023200000000000000e+04 2.512961000000000222e-01
1.024200000000000000e+04 2.506903999999999799e-01
1.025200000000000000e+04 2.510867999999999989e-01
1.026200000000000000e+04 2.513192000000000204e-01
1.027200000000000000e+04 2.523023999999999822e-01
1.028200000000000000e+04 2.534090999999999982e-01
1.029200000000000000e+04 2.545132999999999979e-01
1.030200000000000000e+04 2.560471999999999748e-01
1.031200000000000000e+04 2.575175000000000103e-01
1.032200000000000000e+04 2.599272000000000249e-01
1.033200000000000000e+04 2.614889000000000241e-01
1.034200000000000000e+04 2.641288999999999998e-01
1.035200000000000000e+04 2.660594000000000015e-01
1.036200000000000000e+04 2.679616000000000220e-01
1.037200000000000000e+04 2.683263000000000176e-01
1.038200000000000000e+04 2.703087000000000129e-01
1.039200000000000000e+04 2.717015999999999876e-01
1.040200000000000000e+04 2.736345000000000027e-01
1.041200000000000000e+04 2.739657999999999816e-01
1.042200000000000000e+04 2.750728000000000062e-01
1.043200000000000000e+04 2.754910999999999888e-01
1.044200000000000000e+04 2.761773000000000144e-01
1.045200000000000000e+04 2.767103000000000201e-01
1.046200000000000000e+04 2.779435000000000100e-01
1.047200000000000000e+04 2.789669000000000176e-01
1.048200000000000000e+04 2.798605000000000120e-01
1.049200000000000000e+04 2.806268000000000096e-01
1.050200000000000000e+04 2.814564999999999984e-01
1.051200000000000000e+04 2.827005000000000212e-01
1.052200000000000000e+04 2.836299999999999932e-01
1.053200000000000000e+04 2.844593999999999734e-01
1.054200000000000000e+04 2.854942999999999786e-01
1.055200000000000000e+04 2.856680999999999804e-01
1.056200000000000000e+04 2.859736999999999973e-01
1.057200000000000000e+04 2.855834999999999901e-01
1.058200000000000000e+04 2.858415999999999735e-01
1.059200000000000000e+04 2.856004999999999794e-01
1.060200000000000000e+04 2.846328000000000191e-01
1.061200000000000000e+04 2.837163999999999797e-01
1.062200000000000000e+04 2.823337000000000208e-01
1.063200000000000000e+04 2.806716000000000211e-01
1.064200000000000000e+04 2.792305999999999955e-01
1.065200000000000000e+04 2.778342999999999785e-01
1.066200000000000000e+04 2.766987000000000196e-01
1.067200000000000000e+04 2.744384999999999741e-01
1.068200000000000000e+04 2.726182999999999801e-01
1.069200000000000000e+04 2.702945999999999960e-01
1.070200000000000000e+04 2.680065999999999837e-01
1.071200000000000000e+04 2.660545999999999744e-01
1.072200000000000000e+04 2.640805999999999987e-01
1.073200000000000000e+04 2.627540999999999904e-01
1.074200000000000000e+04 2.609906000000000170e-01
1.075200000000000000e+04 2.599678000000000266e-01
1.076200000000000000e+04 2.593832999999999833e-01
1.077200000000000000e+04 2.588404999999999734e-01
1.078200000000000000e+04 2.589411999999999825e-01
1.079200000000000000e+04 2.584289000000000169e-01
1.080200000000000000e+04 2.588785000000000114e-01
1.081200000000000000e+04 2.595631999999999939e-01
1.082200000000000000e+04 2.605912000000000228e-01
1.083200000000000000e+04 2.610214000000000145e-01
1.084200000000000000e+04 2.621411000000000158e-01
1.085200000000000000e+04 2.630657000000000134e-01
1.086200000000000000e+04 2.648760000000000003e-01
1.087200000000000000e+04 2.659618999999999733e-01
1.088200000000000000e+04 2.681123000000000256e-01
1.089200000000000000e+04 2.699701999999999935e-01
1.090200000000000000e+04 2.726320999999999883e-01
1.091200000000000000e+04 2.750195999999999752e-01
1.092200000000000000e+04 2.776088999999999918e-01
1.093200000000000000e+04 2.799246000000000234e-01
1.094200000000000000e+04 2.823158000000000056e-01
1.095200000000000000e+04 2.847208999999999990e-01
1.096200000000000000e+04 2.864958000000000227e-01
1.097200000000000000e+04 2.892444000000000126e-01
1.098200000000000000e+04 2.916136999999999757e-01
1.099200000000000000e+04 2.939257000000000120e-01
1.100200000000000000e+04 2.946760999999999964e-01
1.101200000000000000e+04 2.957461000000000118e-01
1.102200000000000000e+04 2.969907999999999992e-01
1.103200000000000000e+04 2.983815000000000217e-01
1.104200000000000000e+04 2.989496999999999849e-01
1.105200000000000000e+04 3.000104000000000104e-01
1.106200000000000000e+04 3.004486000000000101e-01
1.107200000000000000e+04 3.007810000000000206e-01
1.108200000000000000e+04 3.003316999999999792e-01
1.109200000000000000e+04 3.000518999999999825e-01
1.110200000000000000e+04 3.005099999999999993e-01
1.111200000000000000e+04 3.004056999999999977e-01
1.112200000000000000e+04 3.005879000000000190e-01
1.113200000000000000e+04 3.001202000000000036e-01
1.114200000000000000e+04 3.000085000000000113e-01
1.115200000000000000e+04 2.995287999999999839e-01
1.116200000000000000e+04 2.985684000000000116e-01
1.117200000000000000e+04 2.978076000000000056e-01
1.118200000000000000e+04 2.968701999999999730e-01
1.119200000000000000e+04 2.962682999999999844e-01
1.120200000000000000e+04 2.961026999999999965e-01
1.121200000000000000e+04 2.952935999999999894e-01
1.122200000000000000e+04 2.946759999999999935e-01
1.123200000000000000e+04 2.933648999999999840e-01
1.124200000000000000e+04 2.933701000000000225e-01
1.125200000000000000e+04 2.930471000000000048e-01
1.126200000000000000e+04 2.935412000000000021e-01
1.127200000000000000e+04 2.937667999999999946e-01
1.128200000000000000e+04 2.947251000000000176e-01
1.129200000000000000e+04 2.951753999999999767e-01
1.130200000000000000e+04 2.957616000000000134e-01
1.131200000000000000e+04 2.962452999999999892e-01
1.132200000000000000e+04 2.975303999999999727e-01
1.133200000000000000e+04 2.983743999999999841e-01
1.134200000000000000e+04 2.994169999999999887e-01
1.135200000000000000e+04 3.000233999999999956e-01
1.136200000000000000e+04 3.012491999999999948e-01
1.137200000000000000e+04 3.027813999999999783e-01
1.138200000000000000e+04 3.036369999999999902e-01
1.139200000000000000e+04 3.052636000000000238e-01
1.140200000000000000e+04 3.060665000000000191e-01
1.141200000000000000e+04 3.080928000000000000e-01
1.142200000000000000e+04 3.103608999999999951e-01
1.143200000000000000e+04 3.129947000000000146e-01
1.144200000000000000e+04 3.158030000000000004e-01
1.145200000000000000e+04 3.181301999999999741e-01
1.146200000000000000e+04 3.198994000000000004e-01
1.147200000000000000e+04 3.215352000000000210e-01
1.148200000000000000e+04 3.230651999999999968e-01
1.149200000000000000e+04 3.255126999999999882e-01
1.150200000000000000e+04 3.274882000000000071e-01
1.151200000000000000e+04 3.295224999999999960e-01
1.152200000000000000e+04 3.314733999999999736e-01
1.153200000000000000e+04 3.329098999999999808e-01
1.154200000000000000e+04 3.345650000000000013e-01
1.155200000000000000e+04 3.362970000000000126e-01
1.156200000000000000e+04 3.383628000000000191e-01
1.157200000000000000e+04 3.404810999999999810e-01
1.158200000000000000e+04 3.422157000000000115e-01
1.159200000000000000e+04 3.448191999999999924e-01
1.160200000000000000e+04 3.457839999999999803e-01
1.161200000000000000e+04 3.476218999999999837e-01
1.162200000000000000e+04 3.486240999999999923e-01
1.163200000000000000e+04 3.506238999999999884e-01
1.164200000000000000e+04 3.516792000000000251e-01
1.165200000000000000e+04 3.528805999999999887e-01
1.166200000000000000e+04 3.539362999999999815e-01
1.167200000000000000e+04 3.552355999999999847e-01
1.168200000000000000e+04 3.558491999999999766e-01
1.169200000000000000e+04 3.565769999999999773e-01
1.170200000000000000e+04 3.572036000000000100e-01
1.171200000000000000e+04 3.576894999999999936e-01
1.172200000000000000e+04 3.583396999999999832e-01
1.173200000000000000e+04 3.585789999999999811e-01
1.174200000000000000e+04 3.591407999999999823e-01
1.175200000000000000e+04 3.595570000000000155e-01
1.176200000000000000e+04 3.594066000000000205e-01
1.177200000000000000e+04 3.598597000000000046e-01
1.178200000000000000e+04 3.595902000000000265e-01
1.179200000000000000e+04 3.594255000000000089e-01
1.180200000000000000e+04 3.590831999999999913e-01
1.181200000000000000e+04 3.594904999999999906e-01
1.182200000000000000e+04 3.600557999999999814e-01
1.183200000000000000e+04 3.596270999999999773e-01
1.184200000000000000e+04 3.590384999999999827e-01
1.185200000000000000e+04 3.583367000000000080e-01
1.186200000000000000e+04 3.577446000000000237e-01
1.187200000000000000e+04 3.562859999999999916e-01
1.188200000000000000e+04 3.556793999999999789e-01
1.189200000000000000e+04 3.557183999999999902e-01
1.190200000000000000e+04 3.560934000000000044e-01
1.191200000000000000e+04 3.552742999999999873e-01
1.192200000000000000e+04 3.533151999999999959e-01
1.193200000000000000e+04 3.525457000000000174e-01
1.194200000000000000e+04 3.515623999999999971e-01
1.195200000000000000e+04 3.505985999999999825e-01
1.196200000000000000e+04 3.491666999999999965e-01
1.197200000000000000e+04 3.485781000000000018e-01
1.198200000000000000e+04 3.480850999999999806e-01
1.199200000000000000e+04 3.476314999999999822e-01
1.200200000000000000e+04 3.470242000000000049e-01
1.201200000000000000e+04 3.470350999999999853e-01
1.202200000000000000e+04 3.469742000000000104e-01
1.203200000000000000e+04 3.461818999999999868e-01
1.204200000000000000e+04 3.463395000000000223e-01
1.205200000000000000e+04 3.461023999999999767e-01
1.206200000000000000e+04 3.459404999999999841e-01
1.207200000000000000e+04 3.457142000000000270e-01
1.208200000000000000e+04 3.455938000000000065e-01
1.209200000000000000e+04 3.466559000000000168e-01
1.210200000000000000e+04 3.463574999999999848e-01
1.211200000000000000e+04 3.471532999999999980e-01
1.212200000000000000e+04 3.469857000000000080e-01
1.213200000000000000e+04 3.482998999999999956e-01
1.214200000000000000e+04 3.486116000000000215e-01
1.215200000000000000e+04 3.496244000000000018e-01
1.216200000000000000e+04 3.496514000000000011e-01
1.217200000000000000e+04 3.501481000000000177e-01
1.218200000000000000e+04 3.514886999999999873e-01
1.219200000000000000e+04 3.526367000000000251e-01
1.220200000000000000e+04 3.538768999999999942e-01
1.221200000000000000e+04 3.550986999999999894e-01
1.222200000000000000e+04 3.568740000000000245e-01
1.223200000000000000e+04 3.586466999999999850e-01
1.224200000000000000e+04 3.598704999999999821e-01
1.225200000000000000e+04 3.612269000000000174e-01
1.226200000000000000e+04 3.628696000000000144e-01
1.227200000000000000e+04 3.649499999999999966e-01
1.228200000000000000e+04 3.665825999999999807e-01
1.229200000000000000e+04 3.678984000000000143e-01
1.230200000000000000e+04 3.697404000000000246e-01
1.231200000000000000e+04 3.708772000000000180e-01
1.232200000000000000e+04 3.727032000000000123e-01
1.233200000000000000e+04 3.733099999999999752e-01
1.234200000000000000e+04 3.749469999999999748e-01
1.235200000000000000e+04 3.758530999999999955e-01
1.236200000000000000e+04 3.767305000000000237e-01
1.237200000000000000e+04 3.770889000000000046e-01
1.238200000000000000e+04 3.777394000000000029e-01
1.239200000000000000e+04 3.779696000000000167e-01
1.240200000000000000e+04 3.791463999999999945e-01
1.241200000000000000e+04 3.797963999999999785e-01
1.242200000000000000e+04 3.813397000000000037e-01
1.243200000000000000e+04 3.820657000000000081e-01
1.244200000000000000e+04 3.835165999999999853e-01
1.245200000000000000e+04 3.844734000000000207e-01
1.246200000000000000e+04 3.853236999999999912e-01
1.247200000000000000e+04 3.855010999999999854e-01
1.248200000000000000e+04 3.861774000000000040e-01
1.249200000000000000e+04 3.872830999999999912e-01
1.250200000000000000e+04 3.878678999999999877e-01
1.251200000000000000e+04 3.894113000000000158e-01
1.252200000000000000e+04 3.903814999999999924e-01
1.253200000000000000e+04 3.913342000000000209e-01
1.254200000000000000e+04 3.912280000000000202e-01
1.255200000000000000e+04 3.910266000000000020e-01
1.256200000000000000e+04 3.912959999999999772e-01
1.257200000000000000e+04 3.922531000000000212e-01
1.258200000000000000e+04 3.923385999999999818e-01
1.259200000000000000e+04 3.925439000000000012e-01
1.260200000000000000e+04 3.923815999999999971e-01
1.261200000000000000e+04 3.928636999999999824e-01
1.262200000000000000e+04 3.931135000000000046e-01
1.263200000000000000e+04 3.930507999999999780e-01
1.264200000000000000e+04 3.930567999999999840e-01
1.265200000000000000e+04 3.933989999999999987e-01
1.266200000000000000e+04 3.926773000000000069e-01
1.267200000000000000e+04 3.929466999999999821e-01
1.268200000000000000e+04 3.926415999999999795e-01
1.269200000000000000e+04 3.925468999999999764e-01
1.270200000000000000e+04 3.905032999999999976e-01
1.271200000000000000e+04 3.874405000000000210e-01
1.272200000000000000e+04 3.822869999999999879e-01
1.273200000000000000e+04 3.763817999999999886e-01
1.274200000000000000e+04 3.672215999999999814e-01
1.275200000000000000e+04 3.551192000000000237e-01
1.276200000000000000e+04 3.380462000000000189e-01
1.277200000000000000e+04 3.175707999999999864e-01
1.278200000000000000e+04 2.926948999999999801e-01
1.279200000000000000e+04 2.651000000000000023e-01
1.280200000000000000e+04 2.356982999999999995e-01
1.281200000000000000e+04 2.066290000000000071e-01
1.282200000000000000e+04 1.793329999999999924e-01
1.283200000000000000e+04 1.549418999999999935e-01
1.284200000000000000e+04 1.334428000000000003e-01
1.285200000000000000e+04 1.149252999999999941e-01
1.286200000000000000e+04 9.840562999999999394e-02
1.287200000000000000e+04 8.456507000000000607e-02
1.288200000000000000e+04 7.242592000000000474e-02
1.289200000000000000e+04 6.285949000000000397e-02
1.290200000000000000e+04 5.460751999999999967e-02
1.291200000000000000e+04 4.789949999999999763e-02
1.292200000000000000e+04 4.178942000000000073e-02
1.293200000000000000e+04 3.699646000000000184e-02
1.294200000000000000e+04 3.264973000000000181e-02
1.295200000000000000e+04 2.908507000000000106e-02
1.296200000000000000e+04 2.543534000000000073e-02
1.297200000000000000e+04 2.185201999999999978e-02
1.298200000000000000e+04 1.818223999999999882e-02
1.299200000000000000e+04 1.489037999999999994e-02
1.300200000000000000e+04 1.213128999999999943e-02
1.301200000000000000e+04 9.829760999999999360e-03
1.302200000000000000e+04 7.967649000000000259e-03
1.303200000000000000e+04 6.457809000000000119e-03
1.304200000000000000e+04 5.265149999999999691e-03
1.305200000000000000e+04 4.287140000000000048e-03
1.306200000000000000e+04 3.495306000000000107e-03
1.307200000000000000e+04 2.858313999999999820e-03
1.308200000000000000e+04 2.353631000000000126e-03
1.309200000000000000e+04 1.954041000000000111e-03
1.310200000000000000e+04 1.628328000000000067e-03
1.311200000000000000e+04 1.360878000000000044e-03
1.312200000000000000e+04 1.141834999999999899e-03
1.313200000000000000e+04 9.649742999999999472e-04
1.314200000000000000e+04 8.160910000000000169e-04
1.315200000000000000e+04 6.929523999999999623e-04
1.316200000000000000e+04 5.889892000000000087e-04
1.317200000000000000e+04 5.030787999999999580e-04
1.318200000000000000e+04 4.312292999999999812e-04
1.319200000000000000e+04 3.703666999999999788e-04
1.320200000000000000e+04 3.184048999999999777e-04
1.321200000000000000e+04 2.754847000000000155e-04
1.322200000000000000e+04 2.393543999999999999e-04
1.323200000000000000e+04 2.090023000000000098e-04
1.324200000000000000e+04 1.821903000000000097e-04
1.325200000000000000e+04 1.589101999999999952e-04
1.326200000000000000e+04 1.397805000000000011e-04
1.327200000000000000e+04 1.230092000000000013e-04
1.328200000000000000e+04 1.087204000000000035e-04
1.329200000000000000e+04 9.535821000000000531e-05
1.330200000000000000e+04 8.492399000000000139e-05
1.331200000000000000e+04 7.555975999999999838e-05
1.332200000000000000e+04 6.765996999999999723e-05
1.333200000000000000e+04 6.035487999999999904e-05
1.334200000000000000e+04 5.426021000000000002e-05
1.335200000000000000e+04 4.850810999999999795e-05
1.336200000000000000e+04 4.362317999999999795e-05
1.337200000000000000e+04 3.936860000000000115e-05
1.338200000000000000e+04 3.565141000000000295e-05
1.339200000000000000e+04 3.229240999999999666e-05
1.340200000000000000e+04 2.936070999999999896e-05
1.341200000000000000e+04 2.690233000000000031e-05
1.342200000000000000e+04 2.479596999999999902e-05
1.343200000000000000e+04 2.290465999999999832e-05
1.344200000000000000e+04 2.127877999999999890e-05
1.345200000000000000e+04 1.945881000000000149e-05
1.346200000000000000e+04 1.762596000000000090e-05
1.347200000000000000e+04 1.639815999999999887e-05
1.348200000000000000e+04 1.514515000000000017e-05
1.349200000000000000e+04 1.383367999999999966e-05
1.350200000000000000e+04 1.251940999999999979e-05
1.351200000000000000e+04 1.185725999999999970e-05
1.352200000000000000e+04 1.099413999999999974e-05
1.353200000000000000e+04 1.040102000000000058e-05
1.354200000000000000e+04 9.192813000000000037e-06
1.355200000000000000e+04 0.000000000000000000e+00
