1.249789999999999964e+04 0.000000000000000000e+00
1.250789999999999964e+04 6.024103999999999744e-06
1.251789999999999964e+04 6.828767000000000310e-06
1.252789999999999964e+04 7.264294999999999708e-06
1.253789999999999964e+04 7.732183000000000437e-06
1.254789999999999964e+04 8.695380999999999477e-06
1.255789999999999964e+04 9.411476000000000623e-06
1.256789999999999964e+04 1.015839000000000016e-05
1.257789999999999964e+04 1.088365999999999940e-05
1.258789999999999964e+04 1.196625999999999984e-05
1.259789999999999964e+04 1.295517999999999952e-05
1.260789999999999964e+04 1.440987000000000032e-05
1.261789999999999964e+04 1.543976000000000140e-05
1.262789999999999964e+04 1.745148999999999984e-05
1.263789999999999964e+04 1.911730000000000075e-05
1.264789999999999964e+04 2.097643000000000001e-05
1.265789999999999964e+04 2.335779999999999852e-05
1.266789999999999964e+04 2.573147000000000048e-05
1.267789999999999964e+04 2.862845999999999932e-05
1.268789999999999964e+04 3.160970000000000332e-05
1.269789999999999964e+04 3.508002999999999827e-05
1.270789999999999964e+04 3.978972999999999825e-05
1.271789999999999964e+04 4.431458000000000288e-05
1.272789999999999964e+04 5.022106000000000329e-05
1.273789999999999964e+04 5.635775000000000094e-05
1.274789999999999964e+04 6.400459999999999364e-05
1.275789999999999964e+04 7.281206999999999827e-05
1.276789999999999964e+04 8.317681999999999420e-05
1.277789999999999964e+04 9.465900000000000290e-05
1.278789999999999964e+04 1.082955000000000002e-04
1.279789999999999964e+04 1.240438000000000066e-04
1.280789999999999964e+04 1.422236999999999915e-04
1.281789999999999964e+04 1.634754000000000036e-04
1.282789999999999964e+04 1.875310000000000041e-04
1.283789999999999964e+04 2.151578000000000019e-04
1.284789999999999964e+04 2.466632999999999868e-04
1.285789999999999964e+04 2.837243000000000035e-04
1.286789999999999964e+04 3.283324999999999807e-04
1.287789999999999964e+04 3.757170000000000214e-04
1.288789999999999964e+04 4.361985000000000081e-04
1.289789999999999964e+04 5.066278000000000014e-04
1.290789999999999964e+04 5.857110000000000441e-04
1.291789999999999964e+04 6.781935999999999911e-04
1.292789999999999964e+04 7.996974999999999917e-04
1.293789999999999964e+04 9.319836999999999653e-04
1.294789999999999964e+04 1.089088999999999899e-03
1.295789999999999964e+04 1.298169999999999966e-03
1.296789999999999964e+04 1.534739000000000025e-03
1.297789999999999964e+04 1.826644000000000097e-03
1.298789999999999964e+04 2.200375999999999981e-03
1.299789999999999964e+04 2.647413999999999844e-03
1.300789999999999964e+04 3.195986000000000053e-03
1.301789999999999964e+04 3.889317000000000208e-03
1.302789999999999964e+04 4.743088000000000339e-03
1.303789999999999964e+04 5.757222000000000207e-03
1.304789999999999964e+04 6.976221000000000332e-03
1.305789999999999964e+04 8.376731999999999581e-03
1.306789999999999964e+04 9.680160999999999627e-03
1.307789999999999964e+04 1.058920999999999994e-02
1.308789999999999964e+04 1.174971000000000002e-02
1.309789999999999964e+04 1.277994999999999999e-02
1.310789999999999964e+04 1.400141000000000059e-02
1.311789999999999964e+04 1.554645999999999979e-02
1.312789999999999964e+04 1.743186000000000041e-02
1.313789999999999964e+04 1.944473000000000035e-02
1.314789999999999964e+04 2.221760000000000054e-02
1.315789999999999964e+04 2.458178999999999920e-02
1.316789999999999964e+04 2.819036999999999932e-02
1.317789999999999964e+04 3.197366000000000097e-02
1.318789999999999964e+04 3.734728999999999827e-02
1.319789999999999964e+04 4.317761999999999989e-02
1.320789999999999964e+04 5.125823999999999658e-02
1.321789999999999964e+04 6.006322000000000050e-02
1.322789999999999964e+04 7.117231999999999725e-02
1.323789999999999964e+04 8.291779999999999984e-02
1.324789999999999964e+04 9.823771000000000586e-02
1.325789999999999964e+04 1.133263999999999938e-01
1.326789999999999964e+04 1.320488999999999968e-01
1.327789999999999964e+04 1.523732999999999893e-01
1.328789999999999964e+04 1.758195999999999926e-01
1.329789999999999964e+04 2.008522000000000085e-01
1.330789999999999964e+04 2.279403000000000123e-01
1.331789999999999964e+04 2.545256000000000185e-01
1.332789999999999964e+04 2.811584999999999779e-01
1.333789999999999964e+04 3.071802000000000143e-01
1.334789999999999964e+04 3.298619999999999886e-01
1.335789999999999964e+04 3.500959000000000154e-01
1.336789999999999964e+04 3.671454000000000106e-01
1.337789999999999964e+04 3.814548999999999856e-01
1.338789999999999964e+04 3.920757999999999743e-01
1.339789999999999964e+04 4.000147000000000008e-01
1.340789999999999964e+04 4.052841999999999834e-01
1.341789999999999964e+04 4.088986000000000010e-01
1.342789999999999964e+04 4.115558000000000272e-01
1.343789999999999964e+04 4.153581000000000079e-01
1.344789999999999964e+04 4.146594000000000113e-01
1.345789999999999964e+04 4.160576999999999748e-01
1.346789999999999964e+04 4.183912000000000186e-01
1.347789999999999964e+04 4.189857000000000165e-01
1.348789999999999964e+04 4.204581000000000013e-01
1.349789999999999964e+04 4.214380999999999822e-01
1.350789999999999964e+04 4.230831999999999926e-01
1.351789999999999964e+04 4.236095000000000277e-01
1.352789999999999964e+04 4.240730999999999806e-01
1.353789999999999964e+04 4.257280999999999982e-01
1.354789999999999964e+04 4.249962999999999935e-01
1.355789999999999964e+04 4.254183000000000270e-01
1.356789999999999964e+04 4.250917000000000168e-01
1.357789999999999964e+04 4.246677999999999842e-01
1.358789999999999964e+04 4.247046999999999906e-01
1.359789999999999964e+04 4.243835000000000246e-01
1.360789999999999964e+04 4.238429000000000224e-01
1.361789999999999964e+04 4.233885000000000010e-01
1.362789999999999964e+04 4.223603000000000218e-01
1.363789999999999964e+04 4.228552999999999895e-01
1.364789999999999964e+04 4.235428999999999999e-01
1.365789999999999964e+04 4.237318999999999947e-01
1.366789999999999964e+04 4.225965999999999889e-01
1.367789999999999964e+04 4.224931000000000103e-01
1.368789999999999964e+04 4.237774000000000263e-01
1.369789999999999964e+04 4.232755999999999741e-01
1.370789999999999964e+04 4.245257000000000058e-01
1.371789999999999964e+04 4.245459999999999789e-01
1.372789999999999964e+04 4.232869000000000215e-01
1.373789999999999964e+04 4.229315000000000158e-01
1.374789999999999964e+04 4.227737999999999774e-01
1.375789999999999964e+04 4.230463999999999891e-01
1.376789999999999964e+04 4.228399999999999936e-01
1.377789999999999964e+04 4.230402999999999802e-01
1.378789999999999964e+04 4.226192999999999755e-01
1.379789999999999964e+04 4.221477000000000146e-01
1.380789999999999964e+04 4.212732000000000143e-01
1.381789999999999964e+04 4.208396999999999832e-01
1.382789999999999964e+04 4.222364000000000117e-01
1.383789999999999964e+04 4.214647000000000254e-01
1.384789999999999964e+04 4.207399000000000000e-01
1.385789999999999964e+04 4.210058999999999885e-01
1.386789999999999964e+04 4.210839000000000110e-01
1.387789999999999964e+04 4.197745999999999977e-01
1.388789999999999964e+04 4.202859999999999929e-01
1.389789999999999964e+04 4.206228000000000189e-01
1.390789999999999964e+04 4.210115999999999858e-01
1.391789999999999964e+04 4.204013999999999807e-01
1.392789999999999964e+04 4.217064999999999841e-01
1.393789999999999964e+04 4.214241000000000237e-01
1.394789999999999964e+04 4.223468000000000222e-01
1.395789999999999964e+04 4.228607999999999811e-01
1.396789999999999964e+04 4.230571000000000192e-01
1.397789999999999964e+04 4.240246999999999766e-01
1.398789999999999964e+04 4.239646000000000248e-01
1.399789999999999964e+04 4.240554999999999741e-01
1.400789999999999964e+04 4.258686999999999889e-01
1.401789999999999964e+04 4.263272000000000173e-01
1.402789999999999964e+04 4.270265999999999784e-01
1.403789999999999964e+04 4.281075999999999770e-01
1.404789999999999964e+04 4.285363999999999840e-01
1.405789999999999964e+04 4.298298999999999870e-01
1.406789999999999964e+04 4.300462999999999925e-01
1.407789999999999964e+04 4.300692999999999877e-01
1.408789999999999964e+04 4.315016999999999880e-01
1.409789999999999964e+04 4.323539000000000132e-01
1.410789999999999964e+04 4.316884000000000277e-01
1.411789999999999964e+04 4.336831999999999909e-01
1.412789999999999964e+04 4.346413000000000082e-01
1.413789999999999964e+04 4.360206999999999833e-01
1.414789999999999964e+04 4.361655999999999866e-01
1.415789999999999964e+04 4.372911999999999910e-01
1.416789999999999964e+04 4.387729000000000212e-01
1.417789999999999964e+04 4.383914999999999895e-01
1.418789999999999964e+04 4.405665999999999749e-01
1.419789999999999964e+04 4.408367999999999731e-01
1.420789999999999964e+04 4.409814000000000234e-01
1.421789999999999964e+04 4.422341000000000188e-01
1.422789999999999964e+04 4.425604000000000204e-01
1.423789999999999964e+04 4.439679000000000264e-01
1.424789999999999964e+04 4.443536000000000152e-01
1.425789999999999964e+04 4.436441999999999886e-01
1.426789999999999964e+04 4.452268999999999810e-01
1.427789999999999964e+04 4.455189999999999984e-01
1.428789999999999964e+04 4.457015999999999756e-01
1.429789999999999964e+04 4.477800000000000114e-01
1.430789999999999964e+04 4.476218000000000141e-01
1.431789999999999964e+04 4.483751999999999738e-01
1.432789999999999964e+04 4.476010000000000266e-01
1.433789999999999964e+04 4.482084000000000068e-01
1.434789999999999964e+04 4.493110000000000159e-01
1.435789999999999964e+04 4.489427999999999752e-01
1.436789999999999964e+04 4.490922999999999998e-01
1.437789999999999964e+04 4.505127999999999910e-01
1.438789999999999964e+04 4.503725000000000089e-01
1.439789999999999964e+04 4.503164000000000056e-01
1.440789999999999964e+04 4.517363999999999824e-01
1.441789999999999964e+04 4.506379999999999830e-01
1.442789999999999964e+04 4.514507999999999854e-01
1.443789999999999964e+04 4.522550000000000181e-01
1.444789999999999964e+04 4.530016000000000043e-01
1.445789999999999964e+04 4.522257000000000082e-01
1.446789999999999964e+04 4.527495000000000269e-01
1.447789999999999964e+04 4.525189000000000017e-01
1.448789999999999964e+04 4.543983999999999801e-01
1.449789999999999964e+04 4.533936000000000077e-01
1.450789999999999964e+04 4.534370999999999818e-01
1.451789999999999964e+04 4.543876000000000026e-01
1.452789999999999964e+04 4.543665000000000065e-01
1.453789999999999964e+04 4.528177999999999925e-01
1.454789999999999964e+04 4.519704999999999973e-01
1.455789999999999964e+04 4.530426000000000175e-01
1.456789999999999964e+04 4.518768000000000229e-01
1.457789999999999964e+04 4.518407999999999869e-01
1.458789999999999964e+04 4.525823999999999958e-01
1.459789999999999964e+04 4.518302000000000151e-01
1.460789999999999964e+04 4.501106999999999747e-01
1.461789999999999964e+04 4.490245999999999960e-01
1.462789999999999964e+04 4.484411999999999843e-01
1.463789999999999964e+04 4.479783999999999988e-01
1.464789999999999964e+04 4.478333999999999926e-01
1.465789999999999964e+04 4.479510999999999910e-01
1.466789999999999964e+04 4.460164999999999824e-01
1.467789999999999964e+04 4.459412999999999849e-01
1.468789999999999964e+04 4.460948000000000135e-01
1.469789999999999964e+04 4.450947000000000098e-01
1.470789999999999964e+04 4.435606999999999744e-01
1.471789999999999964e+04 4.432859000000000105e-01
1.472789999999999964e+04 4.438466999999999829e-01
1.473789999999999964e+04 4.422740000000000005e-01
1.474789999999999964e+04 4.439042999999999739e-01
1.475789999999999964e+04 4.427180000000000004e-01
1.476789999999999964e+04 4.434037000000000117e-01
1.477789999999999964e+04 4.436071999999999793e-01
1.478789999999999964e+04 4.438571000000000044e-01
1.479789999999999964e+04 4.441933000000000131e-01
1.480789999999999964e+04 4.437611000000000194e-01
1.481789999999999964e+04 4.445133000000000001e-01
1.482789999999999964e+04 4.453593000000000135e-01
1.483789999999999964e+04 4.449136000000000202e-01
1.484789999999999964e+04 4.464172000000000140e-01
1.485789999999999964e+04 4.487322000000000255e-01
1.486789999999999964e+04 4.477496000000000254e-01
1.487789999999999964e+04 4.488905000000000256e-01
1.488789999999999964e+04 4.494498000000000104e-01
1.489789999999999964e+04 4.500800999999999830e-01
1.490789999999999964e+04 4.508868999999999794e-01
1.491789999999999964e+04 4.528756999999999922e-01
1.492789999999999964e+04 4.532605000000000106e-01
1.493789999999999964e+04 4.537814000000000014e-01
1.494789999999999964e+04 4.542386999999999952e-01
1.495789999999999964e+04 4.555763999999999925e-01
1.496789999999999964e+04 4.568839000000000095e-01
1.497789999999999964e+04 4.562305999999999861e-01
1.498789999999999964e+04 4.572713999999999945e-01
1.499789999999999964e+04 4.600208000000000075e-01
1.500789999999999964e+04 4.605883000000000060e-01
1.501789999999999964e+04 4.606125999999999832e-01
1.502789999999999964e+04 4.609770999999999730e-01
1.503789999999999964e+04 4.627234000000000069e-01
1.504789999999999964e+04 4.632538999999999962e-01
1.505789999999999964e+04 4.635018000000000193e-01
1.506789999999999964e+04 4.651388000000000189e-01
1.507789999999999964e+04 4.652417999999999831e-01
1.508789999999999964e+04 4.667088999999999821e-01
1.509789999999999964e+04 4.680107000000000017e-01
1.510789999999999964e+04 4.684608000000000105e-01
1.511789999999999964e+04 4.680961000000000150e-01
1.512789999999999964e+04 4.697921999999999931e-01
1.513789999999999964e+04 4.705075000000000229e-01
1.514789999999999964e+04 4.695382000000000167e-01
1.515789999999999964e+04 4.705329999999999790e-01
1.516789999999999964e+04 4.708628000000000258e-01
1.517789999999999964e+04 4.724715999999999916e-01
1.518789999999999964e+04 4.703702000000000161e-01
1.519789999999999964e+04 4.716798999999999853e-01
1.520789999999999964e+04 4.709267999999999788e-01
1.521789999999999964e+04 4.702579000000000065e-01
1.522789999999999964e+04 4.727353999999999723e-01
1.523789999999999964e+04 4.710731000000000224e-01
1.524789999999999964e+04 4.701205999999999996e-01
1.525789999999999964e+04 4.710056000000000243e-01
1.526789999999999964e+04 4.709907999999999872e-01
1.527789999999999964e+04 4.706126999999999949e-01
1.528789999999999964e+04 4.700327000000000255e-01
1.529789999999999964e+04 4.685311999999999810e-01
1.530789999999999964e+04 4.702537999999999996e-01
1.531789999999999964e+04 4.688573999999999797e-01
1.532789999999999964e+04 4.684666000000000108e-01
1.533789999999999964e+04 4.672574999999999923e-01
1.534789999999999964e+04 4.679570000000000118e-01
1.535789999999999964e+04 4.680606999999999962e-01
1.536789999999999964e+04 4.672510999999999748e-01
1.537789999999999964e+04 4.686058000000000168e-01
1.538789999999999964e+04 4.677735000000000087e-01
1.539789999999999964e+04 4.668402999999999858e-01
1.540789999999999964e+04 4.667858999999999758e-01
1.541789999999999964e+04 4.669332999999999956e-01
1.542789999999999964e+04 4.668153999999999915e-01
1.543789999999999964e+04 4.675126000000000004e-01
1.544789999999999964e+04 4.665497000000000116e-01
1.545789999999999964e+04 4.668389000000000011e-01
1.546789999999999964e+04 4.667515999999999887e-01
1.547789999999999964e+04 4.661964000000000108e-01
1.548789999999999964e+04 4.676037000000000110e-01
1.549789999999999964e+04 4.652041000000000093e-01
1.550789999999999964e+04 4.664709000000000216e-01
1.551789999999999964e+04 4.646076000000000095e-01
1.552789999999999964e+04 4.662291000000000074e-01
1.553789999999999964e+04 4.651398999999999950e-01
1.554789999999999964e+04 4.663707000000000269e-01
1.555789999999999964e+04 4.645753000000000243e-01
1.556789999999999964e+04 4.639548000000000005e-01
1.557789999999999964e+04 4.640179999999999860e-01
1.558789999999999964e+04 4.642860999999999794e-01
1.559789999999999964e+04 4.645461000000000173e-01
1.560789999999999964e+04 4.639517000000000224e-01
1.561789999999999964e+04 4.649801000000000073e-01
1.562789999999999964e+04 4.628323999999999772e-01
1.563789999999999964e+04 4.637491999999999726e-01
1.564789999999999964e+04 4.632781999999999734e-01
1.565789999999999964e+04 4.634650000000000158e-01
1.566789999999999964e+04 4.643742000000000147e-01
1.567789999999999964e+04 4.643232999999999944e-01
1.568789999999999964e+04 4.645892999999999828e-01
1.569789999999999964e+04 4.649244000000000154e-01
1.570789999999999964e+04 4.649928999999999868e-01
1.571789999999999964e+04 4.659787000000000234e-01
1.572789999999999964e+04 4.684122000000000008e-01
1.573789999999999964e+04 4.671975999999999907e-01
1.574789999999999964e+04 4.693680000000000074e-01
1.575789999999999964e+04 4.687616000000000005e-01
1.576789999999999964e+04 4.711173000000000166e-01
1.577789999999999964e+04 4.717636000000000052e-01
1.578789999999999964e+04 4.714265000000000261e-01
1.579789999999999964e+04 4.733315000000000161e-01
1.580789999999999964e+04 4.745607000000000020e-01
1.581789999999999964e+04 4.748586000000000196e-01
1.582789999999999964e+04 4.758533999999999820e-01
1.583789999999999964e+04 4.773321999999999843e-01
1.584789999999999964e+04 4.787875999999999799e-01
1.585789999999999964e+04 4.786198999999999870e-01
1.586789999999999964e+04 4.771313999999999833e-01
1.587789999999999964e+04 4.790089000000000152e-01
1.588789999999999964e+04 4.782764999999999933e-01
1.589789999999999964e+04 4.795093000000000272e-01
1.590789999999999964e+04 4.794552000000000258e-01
1.591789999999999964e+04 4.807675000000000143e-01
1.592789999999999964e+04 4.812700999999999785e-01
1.593789999999999964e+04 4.808689999999999909e-01
1.594789999999999964e+04 4.801792999999999756e-01
1.595789999999999964e+04 4.804939999999999767e-01
1.596789999999999964e+04 4.823464000000000085e-01
1.597789999999999964e+04 4.818207999999999935e-01
1.598789999999999964e+04 4.817956999999999934e-01
1.599789999999999964e+04 4.798872000000000138e-01
1.600789999999999964e+04 4.826958000000000082e-01
1.601789999999999964e+04 4.815697999999999923e-01
1.602789999999999964e+04 4.815722000000000058e-01
1.603789999999999964e+04 4.811083999999999916e-01
1.604789999999999964e+04 4.824817000000000133e-01
1.605789999999999964e+04 4.823703999999999770e-01
1.606789999999999964e+04 4.824934000000000167e-01
1.607789999999999964e+04 4.820803000000000171e-01
1.608789999999999964e+04 4.815936000000000106e-01
1.609789999999999964e+04 4.820901000000000214e-01
1.610789999999999964e+04 4.820671999999999735e-01
1.611789999999999964e+04 4.824089999999999767e-01
1.612789999999999964e+04 4.811212999999999740e-01
1.613789999999999964e+04 4.823559000000000041e-01
1.614789999999999964e+04 4.821819999999999995e-01
1.615789999999999964e+04 4.827739999999999809e-01
1.616789999999999964e+04 4.831358000000000041e-01
1.617789999999999964e+04 4.846363000000000198e-01
1.618789999999999964e+04 4.816349999999999798e-01
1.619789999999999964e+04 4.836945000000000272e-01
1.620789999999999964e+04 4.818459999999999965e-01
1.621789999999999964e+04 4.842305000000000081e-01
1.622789999999999964e+04 4.829146999999999745e-01
1.623789999999999964e+04 4.835396000000000138e-01
1.624789999999999964e+04 4.834878000000000231e-01
1.625789999999999964e+04 4.834711999999999898e-01
1.626789999999999964e+04 4.827022000000000257e-01
1.627789999999999964e+04 4.847050999999999998e-01
1.628789999999999964e+04 4.843306000000000000e-01
1.629789999999999964e+04 4.833655000000000035e-01
1.630789999999999964e+04 4.840656999999999877e-01
1.631789999999999964e+04 4.847125999999999935e-01
1.632789999999999964e+04 4.855824999999999725e-01
1.633789999999999964e+04 4.844711999999999907e-01
1.634789999999999964e+04 4.846514000000000100e-01
1.635789999999999964e+04 4.858276000000000261e-01
1.636789999999999964e+04 4.850615999999999817e-01
1.637789999999999964e+04 4.852689000000000030e-01
1.638790000000000146e+04 4.844134999999999969e-01
1.639790000000000146e+04 4.853916999999999815e-01
1.640790000000000146e+04 4.838299999999999823e-01
1.641790000000000146e+04 4.844134999999999969e-01
1.642790000000000146e+04 4.838458999999999954e-01
1.643790000000000146e+04 4.843528999999999751e-01
1.644790000000000146e+04 4.807809000000000110e-01
1.645790000000000146e+04 4.839333000000000107e-01
1.646790000000000146e+04 4.832930999999999755e-01
1.647790000000000146e+04 4.849619000000000013e-01
1.648790000000000146e+04 4.838938999999999879e-01
1.649790000000000146e+04 4.845472000000000112e-01
1.650790000000000146e+04 4.855211999999999861e-01
1.651790000000000146e+04 4.856274999999999897e-01
1.652790000000000146e+04 4.877536000000000094e-01
1.653790000000000146e+04 4.880803000000000225e-01
1.654790000000000146e+04 4.878016000000000019e-01
1.655790000000000146e+04 4.849798000000000164e-01
1.656790000000000146e+04 4.833439999999999959e-01
1.657790000000000146e+04 4.795441999999999760e-01
1.658790000000000146e+04 4.721287000000000122e-01
1.659790000000000146e+04 4.608951000000000020e-01
1.660790000000000146e+04 4.484369999999999745e-01
1.661790000000000146e+04 4.298687999999999954e-01
1.662790000000000146e+04 4.088794000000000040e-01
1.663790000000000146e+04 3.814808000000000088e-01
1.664790000000000146e+04 3.540212999999999832e-01
1.665790000000000146e+04 3.246207999999999871e-01
1.666790000000000146e+04 2.926113000000000186e-01
1.667790000000000146e+04 2.625823999999999936e-01
1.668790000000000146e+04 2.310701000000000005e-01
1.669790000000000146e+04 2.008332999999999924e-01
1.670790000000000146e+04 1.748792000000000124e-01
1.671790000000000146e+04 1.496817000000000009e-01
1.672790000000000146e+04 1.282855999999999996e-01
1.673790000000000146e+04 1.094639000000000029e-01
1.674790000000000146e+04 9.426471000000000156e-02
1.675790000000000146e+04 8.247106999999999355e-02
1.676790000000000146e+04 7.176987999999999424e-02
1.677790000000000146e+04 6.347882999999999998e-02
1.678790000000000146e+04 5.523339000000000026e-02
1.679790000000000146e+04 4.866978000000000276e-02
1.680790000000000146e+04 4.286497999999999697e-02
1.681790000000000146e+04 3.849931999999999660e-02
1.682790000000000146e+04 3.383984000000000297e-02
1.683790000000000146e+04 3.024949000000000041e-02
1.684790000000000146e+04 2.644867000000000051e-02
1.685790000000000146e+04 2.261747999999999884e-02
1.686790000000000146e+04 1.924997999999999987e-02
1.687790000000000146e+04 1.623845000000000149e-02
1.688790000000000146e+04 1.357753000000000085e-02
1.689790000000000146e+04 1.144972000000000004e-02
1.690790000000000146e+04 9.628523999999999416e-03
1.691790000000000146e+04 8.118886999999999979e-03
1.692790000000000146e+04 6.793279000000000158e-03
1.693790000000000146e+04 5.754508999999999666e-03
1.694790000000000146e+04 4.856112000000000102e-03
1.695790000000000146e+04 4.087580000000000380e-03
1.696790000000000146e+04 3.490679999999999911e-03
1.697790000000000146e+04 2.956981999999999926e-03
1.698790000000000146e+04 2.521133999999999962e-03
1.699790000000000146e+04 2.160511999999999849e-03
1.700790000000000146e+04 1.862123999999999941e-03
1.701790000000000146e+04 1.594589999999999896e-03
1.702790000000000146e+04 1.377514999999999946e-03
1.703790000000000146e+04 1.192783999999999902e-03
1.704790000000000146e+04 1.031769000000000089e-03
1.705790000000000146e+04 9.001690999999999599e-04
1.706790000000000146e+04 7.859196000000000367e-04
1.707790000000000146e+04 6.860374999999999720e-04
1.708790000000000146e+04 6.011185999999999743e-04
1.709790000000000146e+04 5.292155999999999683e-04
1.710790000000000146e+04 4.653659999999999893e-04
1.711790000000000146e+04 4.102043999999999786e-04
1.712790000000000146e+04 3.648378000000000189e-04
1.713790000000000146e+04 3.206403000000000139e-04
1.714790000000000146e+04 2.870513000000000209e-04
1.715790000000000146e+04 2.555599999999999994e-04
1.716790000000000146e+04 2.290842999999999981e-04
1.717790000000000146e+04 2.044523999999999875e-04
1.718790000000000146e+04 1.842775000000000055e-04
1.719790000000000146e+04 1.661986999999999915e-04
1.720790000000000146e+04 1.502297999999999893e-04
1.721790000000000146e+04 1.366898999999999870e-04
1.722790000000000146e+04 1.226397000000000110e-04
1.723790000000000146e+04 1.120818000000000015e-04
1.724790000000000146e+04 1.017234999999999960e-04
1.725790000000000146e+04 9.314978999999999978e-05
1.726790000000000146e+04 8.368158000000000052e-05
1.727790000000000146e+04 7.793478000000000330e-05
1.728790000000000146e+04 6.981394000000000195e-05
1.729790000000000146e+04 6.512115999999999977e-05
1.730790000000000146e+04 5.979465000000000187e-05
1.731790000000000146e+04 5.418497000000000173e-05
1.732790000000000146e+04 5.091762999999999720e-05
1.733790000000000146e+04 4.487128999999999776e-05
1.734790000000000146e+04 4.248500999999999797e-05
1.735790000000000146e+04 3.904149000000000150e-05
1.736790000000000146e+04 3.585351999999999956e-05
1.737790000000000146e+04 3.406694000000000014e-05
1.738790000000000146e+04 3.139818999999999965e-05
1.739790000000000146e+04 2.897449000000000115e-05
1.740790000000000146e+04 2.659406000000000064e-05
1.741790000000000146e+04 2.462531000000000022e-05
1.742790000000000146e+04 2.295605999999999922e-05
1.743790000000000146e+04 2.204173999999999879e-05
1.744790000000000146e+04 1.998667000000000087e-05
1.745790000000000146e+04 1.930861000000000079e-05
1.746790000000000146e+04 1.754596000000000167e-05
1.747790000000000146e+04 1.723081999999999912e-05
1.748790000000000146e+04 1.655792000000000087e-05
1.749790000000000146e+04 1.486349999999999923e-05
1.750790000000000146e+04 0.000000000000000000e+00
