1.686400000000000000e+04 0.000000000000000000e+00
1.687400000000000000e+04 8.017056999999999905e-05
1.688400000000000000e+04 8.702230000000000197e-05
1.689400000000000000e+04 9.488627000000000454e-05
1.690400000000000000e+04 1.019013999999999998e-04
1.691400000000000000e+04 1.111221999999999980e-04
1.692400000000000000e+04 1.215898999999999995e-04
1.693400000000000000e+04 1.331472000000000048e-04
1.694400000000000000e+04 1.461386999999999972e-04
1.695400000000000000e+04 1.602793999999999888e-04
1.696400000000000000e+04 1.763779000000000041e-04
1.697400000000000000e+04 1.956743000000000046e-04
1.698400000000000000e+04 2.157236999999999892e-04
1.699400000000000000e+04 2.413291999999999933e-04
1.700400000000000000e+04 2.696080000000000113e-04
1.701400000000000000e+04 3.006465000000000157e-04
1.702400000000000000e+04 3.393776000000000149e-04
1.703400000000000000e+04 3.810697999999999950e-04
1.704400000000000000e+04 4.291254999999999896e-04
1.705400000000000000e+04 4.846655999999999968e-04
1.706400000000000000e+04 5.477893000000000172e-04
1.707400000000000000e+04 6.193111000000000275e-04
1.708400000000000000e+04 6.993133000000000118e-04
1.709400000000000000e+04 7.915338999999999535e-04
1.710400000000000000e+04 8.968100999999999807e-04
1.711400000000000000e+04 1.012153000000000011e-03
1.712400000000000000e+04 1.146829000000000034e-03
1.713400000000000000e+04 1.298742999999999989e-03
1.714400000000000000e+04 1.465656000000000077e-03
1.715400000000000000e+04 1.656492000000000077e-03
1.716400000000000000e+04 1.879849999999999967e-03
1.717400000000000000e+04 2.125842000000000183e-03
1.718400000000000000e+04 2.414599999999999819e-03
1.719400000000000000e+04 2.752019999999999987e-03
1.720400000000000000e+04 3.124800000000000060e-03
1.721400000000000000e+04 3.558293000000000133e-03
1.722400000000000000e+04 4.063947000000000045e-03
1.723400000000000000e+04 4.646604000000000359e-03
1.724400000000000000e+04 5.331103000000000230e-03
1.725400000000000000e+04 6.150613000000000087e-03
1.726400000000000000e+04 7.101867000000000422e-03
1.727400000000000000e+04 8.224103999999999443e-03
1.728400000000000000e+04 9.558590999999999963e-03
1.729400000000000000e+04 1.118716999999999975e-02
1.730400000000000000e+04 1.307448999999999938e-02
1.731400000000000000e+04 1.536402000000000080e-02
1.732400000000000000e+04 1.812131000000000158e-02
1.733400000000000000e+04 2.112750999999999865e-02
1.734400000000000000e+04 2.445158000000000054e-02
1.735400000000000000e+04 2.782137999999999972e-02
1.736400000000000000e+04 3.139165000000000011e-02
1.737400000000000000e+04 3.509282999999999847e-02
1.738400000000000000e+04 3.943013000000000073e-02
1.739400000000000000e+04 4.389059000000000016e-02
1.740400000000000000e+04 4.892122000000000137e-02
1.741400000000000000e+04 5.457228000000000079e-02
1.742400000000000000e+04 6.054318000000000199e-02
1.743400000000000000e+04 6.722559999999999647e-02
1.744400000000000000e+04 7.471479999999999788e-02
1.745400000000000000e+04 8.350454000000000210e-02
1.746400000000000000e+04 9.334647999999999557e-02
1.747400000000000000e+04 1.050929000000000030e-01
1.748400000000000000e+04 1.188735000000000069e-01
1.749400000000000000e+04 1.347515999999999992e-01
1.750400000000000000e+04 1.531916999999999862e-01
1.751400000000000000e+04 1.736041000000000112e-01
1.752400000000000000e+04 1.946374999999999911e-01
1.753400000000000000e+04 2.174663000000000013e-01
1.754400000000000000e+04 2.403704999999999870e-01
1.755400000000000000e+04 2.635028999999999844e-01
1.756400000000000000e+04 2.861469999999999847e-01
1.757400000000000000e+04 3.079075000000000006e-01
1.758400000000000000e+04 3.271434999999999760e-01
1.759400000000000000e+04 3.450508999999999937e-01
1.760400000000000000e+04 3.610195999999999961e-01
1.761400000000000000e+04 3.755721000000000198e-01
1.762400000000000000e+04 3.891314000000000162e-01
1.763400000000000000e+04 4.023094999999999866e-01
1.764400000000000000e+04 4.140402000000000249e-01
1.765400000000000000e+04 4.253940999999999972e-01
1.766400000000000000e+04 4.360537999999999914e-01
1.767400000000000000e+04 4.457609000000000155e-01
1.768400000000000000e+04 4.553490000000000038e-01
1.769400000000000000e+04 4.642053999999999903e-01
1.770400000000000000e+04 4.724599999999999911e-01
1.771400000000000000e+04 4.791458000000000106e-01
1.772400000000000000e+04 4.850322000000000244e-01
1.773400000000000000e+04 4.898276999999999770e-01
1.774400000000000000e+04 4.935275000000000079e-01
1.775400000000000000e+04 4.967179999999999929e-01
1.776400000000000000e+04 4.980087999999999737e-01
1.777400000000000000e+04 4.999171000000000031e-01
1.778400000000000000e+04 5.000816000000000150e-01
1.779400000000000000e+04 5.013811000000000240e-01
1.780400000000000000e+04 5.022406000000000370e-01
1.781400000000000000e+04 5.024916999999999856e-01
1.782400000000000000e+04 5.031438000000000299e-01
1.783400000000000000e+04 5.031400999999999790e-01
1.784400000000000000e+04 5.034828000000000081e-01
1.785400000000000000e+04 5.043035000000000156e-01
1.786400000000000000e+04 5.046536999999999829e-01
1.787400000000000000e+04 5.053628999999999483e-01
1.788400000000000000e+04 5.067116000000000398e-01
1.789400000000000000e+04 5.072035999999999767e-01
1.790400000000000000e+04 5.077304000000000261e-01
1.791400000000000000e+04 5.081225000000000325e-01
1.792400000000000000e+04 5.082906999999999842e-01
1.793400000000000000e+04 5.080225000000000435e-01
1.794400000000000000e+04 5.081215999999999511e-01
1.795400000000000000e+04 5.069363000000000063e-01
1.796400000000000000e+04 5.061560000000000503e-01
1.797400000000000000e+04 5.046863000000000321e-01
1.798400000000000000e+04 5.032316999999999485e-01
1.799400000000000000e+04 5.022453000000000056e-01
1.800400000000000000e+04 5.006173999999999902e-01
1.801400000000000000e+04 4.995253000000000054e-01
1.802400000000000000e+04 4.977807000000000204e-01
1.803400000000000000e+04 4.962517000000000178e-01
1.804400000000000000e+04 4.943760999999999850e-01
1.805400000000000000e+04 4.926443999999999823e-01
1.806400000000000000e+04 4.915343999999999824e-01
1.807400000000000000e+04 4.910173999999999928e-01
1.808400000000000000e+04 4.903051999999999966e-01
1.809400000000000000e+04 4.897420000000000107e-01
1.810400000000000000e+04 4.895175999999999972e-01
1.811400000000000000e+04 4.885955000000000159e-01
1.812400000000000000e+04 4.893861999999999934e-01
1.813400000000000000e+04 4.895424999999999915e-01
1.814400000000000000e+04 4.904329000000000049e-01
1.815400000000000000e+04 4.912553000000000059e-01
1.816400000000000000e+04 4.916833999999999927e-01
1.817400000000000000e+04 4.925831999999999988e-01
1.818400000000000000e+04 4.941138999999999948e-01
1.819400000000000000e+04 4.951667000000000152e-01
1.820400000000000000e+04 4.958372999999999808e-01
1.821400000000000000e+04 4.973226000000000036e-01
1.822400000000000000e+04 4.988106999999999958e-01
1.823400000000000000e+04 4.991823000000000232e-01
1.824400000000000000e+04 5.015220000000000233e-01
1.825400000000000000e+04 5.028034000000000114e-01
1.826400000000000000e+04 5.039360999999999979e-01
1.827400000000000000e+04 5.046844000000000330e-01
1.828400000000000000e+04 5.052242000000000122e-01
1.829400000000000000e+04 5.059947000000000195e-01
1.830400000000000000e+04 5.075813999999999604e-01
1.831400000000000000e+04 5.078401000000000165e-01
1.832400000000000000e+04 5.092208000000000290e-01
1.833400000000000000e+04 5.097388999999999948e-01
1.834400000000000000e+04 5.097793999999999937e-01
1.835400000000000000e+04 5.099004999999999788e-01
1.836400000000000000e+04 5.113240000000000007e-01
1.837400000000000000e+04 5.112974999999999604e-01
1.838400000000000000e+04 5.116361000000000381e-01
1.839400000000000000e+04 5.115307999999999522e-01
1.840400000000000000e+04 5.119308999999999665e-01
1.841400000000000000e+04 5.113849999999999785e-01
1.842400000000000000e+04 5.116798999999999653e-01
1.843400000000000000e+04 5.115410000000000235e-01
1.844400000000000000e+04 5.112657999999999925e-01
1.845400000000000000e+04 5.113155999999999812e-01
1.846400000000000000e+04 5.102033999999999736e-01
1.847400000000000000e+04 5.094691000000000081e-01
1.848400000000000000e+04 5.095847999999999489e-01
1.849400000000000000e+04 5.084726000000000523e-01
1.850400000000000000e+04 5.073971999999999927e-01
1.851400000000000000e+04 5.068958999999999548e-01
1.852400000000000000e+04 5.067439000000000249e-01
1.853400000000000000e+04 5.060974000000000306e-01
1.854400000000000000e+04 5.044167000000000511e-01
1.855400000000000000e+04 5.039384000000000086e-01
1.856400000000000000e+04 5.030989999999999629e-01
1.857400000000000000e+04 5.035199000000000202e-01
1.858400000000000000e+04 5.028728999999999560e-01
1.859400000000000000e+04 5.022567999999999477e-01
1.860400000000000000e+04 5.017530999999999519e-01
1.861400000000000000e+04 5.011554000000000286e-01
1.862400000000000000e+04 5.004279000000000366e-01
1.863400000000000000e+04 5.000843000000000371e-01
1.864400000000000000e+04 4.993389999999999773e-01
1.865400000000000000e+04 4.998430999999999846e-01
1.866400000000000000e+04 5.001904000000000350e-01
1.867400000000000000e+04 4.998615000000000141e-01
1.868400000000000000e+04 5.002714999999999801e-01
1.869400000000000000e+04 5.006671000000000316e-01
1.870400000000000000e+04 5.014172000000000073e-01
1.871400000000000000e+04 5.021221999999999630e-01
1.872400000000000000e+04 5.028639000000000303e-01
1.873400000000000000e+04 5.037863000000000202e-01
1.874400000000000000e+04 5.046021000000000534e-01
1.875400000000000000e+04 5.051828000000000429e-01
1.876400000000000000e+04 5.063206000000000095e-01
1.877400000000000000e+04 5.064184999999999937e-01
1.878400000000000000e+04 5.068656000000000272e-01
1.879400000000000000e+04 5.072307000000000343e-01
1.880400000000000000e+04 5.083735999999999811e-01
1.881400000000000000e+04 5.089447999999999750e-01
1.882400000000000000e+04 5.095273000000000163e-01
1.883400000000000000e+04 5.100569000000000353e-01
1.884400000000000000e+04 5.109915999999999903e-01
1.885400000000000000e+04 5.116948000000000052e-01
1.886400000000000000e+04 5.124562999999999757e-01
1.887400000000000000e+04 5.128595999999999711e-01
1.888400000000000000e+04 5.128829000000000304e-01
1.889400000000000000e+04 5.139487999999999834e-01
1.890400000000000000e+04 5.141704999999999748e-01
1.891400000000000000e+04 5.141118999999999550e-01
1.892400000000000000e+04 5.137053000000000313e-01
1.893400000000000000e+04 5.137119999999999465e-01
1.894400000000000000e+04 5.142474999999999685e-01
1.895400000000000000e+04 5.148093000000000252e-01
1.896400000000000000e+04 5.152640000000000553e-01
1.897400000000000000e+04 5.155878000000000405e-01
1.898400000000000000e+04 5.157675000000000454e-01
1.899400000000000000e+04 5.160386999999999613e-01
1.900400000000000000e+04 5.159548999999999941e-01
1.901400000000000000e+04 5.159555999999999587e-01
1.902400000000000000e+04 5.169015999999999611e-01
1.903400000000000000e+04 5.169574999999999587e-01
1.904400000000000000e+04 5.167705000000000215e-01
1.905400000000000000e+04 5.172689000000000314e-01
1.906400000000000000e+04 5.172999000000000347e-01
1.907400000000000000e+04 5.171428999999999609e-01
1.908400000000000000e+04 5.173037999999999803e-01
1.909400000000000000e+04 5.173691999999999735e-01
1.910400000000000000e+04 5.178464000000000400e-01
1.911400000000000000e+04 5.177157000000000009e-01
1.912400000000000000e+04 5.179713000000000234e-01
1.913400000000000000e+04 5.183307999999999804e-01
1.914400000000000000e+04 5.192626000000000186e-01
1.915400000000000000e+04 5.184752999999999723e-01
1.916400000000000000e+04 5.179814000000000362e-01
1.917400000000000000e+04 5.182883999999999824e-01
1.918400000000000000e+04 5.182740000000000125e-01
1.919400000000000000e+04 5.181607000000000296e-01
1.920400000000000000e+04 5.174130999999999592e-01
1.921400000000000000e+04 5.171065999999999718e-01
1.922400000000000000e+04 5.178154000000000368e-01
1.923400000000000000e+04 5.166657999999999529e-01
1.924400000000000000e+04 5.163735000000000408e-01
1.925400000000000000e+04 5.159517999999999605e-01
1.926400000000000000e+04 5.152508000000000088e-01
1.927400000000000000e+04 5.144267999999999619e-01
1.928400000000000000e+04 5.135224999999999929e-01
1.929400000000000000e+04 5.135091000000000516e-01
1.930400000000000000e+04 5.132286000000000348e-01
1.931400000000000000e+04 5.123518999999999712e-01
1.932400000000000000e+04 5.119622000000000339e-01
1.933400000000000000e+04 5.112782999999999634e-01
1.934400000000000000e+04 5.099774999999999725e-01
1.935400000000000000e+04 5.096368999999999483e-01
1.936400000000000000e+04 5.089110000000000023e-01
1.937400000000000000e+04 5.082100999999999980e-01
1.938400000000000000e+04 5.077770000000000339e-01
1.939400000000000000e+04 5.073739999999999917e-01
1.940400000000000000e+04 5.073387999999999787e-01
1.941400000000000000e+04 5.072560999999999876e-01
1.942400000000000000e+04 5.074378000000000499e-01
1.943400000000000000e+04 5.083024999999999904e-01
1.944400000000000000e+04 5.087447999999999970e-01
1.945400000000000000e+04 5.090213999999999572e-01
1.946400000000000000e+04 5.091461999999999932e-01
1.947400000000000000e+04 5.094324000000000074e-01
1.948400000000000000e+04 5.100643999999999734e-01
1.949400000000000000e+04 5.103254999999999875e-01
1.950400000000000000e+04 5.109947999999999713e-01
1.951400000000000000e+04 5.112217999999999485e-01
1.952400000000000000e+04 5.115210000000000035e-01
1.953400000000000000e+04 5.123973000000000555e-01
1.954400000000000000e+04 5.125165999999999888e-01
1.955400000000000000e+04 5.128118000000000398e-01
1.956400000000000000e+04 5.133558999999999761e-01
1.957400000000000000e+04 5.139226000000000072e-01
1.958400000000000000e+04 5.140057000000000098e-01
1.959400000000000000e+04 5.136079000000000061e-01
1.960400000000000000e+04 5.142795000000000005e-01
1.961400000000000000e+04 5.144033999999999551e-01
1.962400000000000000e+04 5.143341999999999636e-01
1.963400000000000000e+04 5.140457000000000498e-01
1.964400000000000000e+04 5.144404000000000199e-01
1.965400000000000000e+04 5.141904999999999948e-01
1.966400000000000000e+04 5.139120000000000354e-01
1.967400000000000000e+04 5.137405999999999917e-01
1.968400000000000000e+04 5.135096999999999579e-01
1.969400000000000000e+04 5.133773999999999837e-01
1.970400000000000000e+04 5.124047999999999936e-01
1.971400000000000000e+04 5.133626000000000023e-01
1.972400000000000000e+04 5.133773000000000364e-01
1.973400000000000000e+04 5.123056999999999750e-01
1.974400000000000000e+04 5.121744999999999770e-01
1.975400000000000000e+04 5.119833999999999774e-01
1.976400000000000000e+04 5.120339000000000418e-01
1.977400000000000000e+04 5.122873999999999484e-01
1.978400000000000000e+04 5.122472000000000136e-01
1.979400000000000000e+04 5.119742999999999933e-01
1.980400000000000000e+04 5.121628000000000291e-01
1.981400000000000000e+04 5.117960999999999760e-01
1.982400000000000000e+04 5.119844000000000062e-01
1.983400000000000000e+04 5.121875000000000178e-01
1.984400000000000000e+04 5.124130000000000074e-01
1.985400000000000000e+04 5.118378000000000094e-01
1.986400000000000000e+04 5.123396999999999535e-01
1.987400000000000000e+04 5.126663999999999666e-01
1.988400000000000000e+04 5.130873999999999713e-01
1.989400000000000000e+04 5.132235000000000547e-01
1.990400000000000000e+04 5.134904000000000135e-01
1.991400000000000000e+04 5.131236000000000130e-01
1.992400000000000000e+04 5.126861999999999808e-01
1.993400000000000000e+04 5.130554999999999977e-01
1.994400000000000000e+04 5.118116000000000332e-01
1.995400000000000000e+04 5.107850000000000446e-01
1.996400000000000000e+04 5.081421999999999883e-01
1.997400000000000000e+04 5.069624999999999826e-01
1.998400000000000000e+04 5.082691000000000292e-01
1.999400000000000000e+04 5.102081000000000532e-01
2.000400000000000000e+04 5.118483000000000338e-01
2.001400000000000000e+04 5.118975999999999527e-01
2.002400000000000000e+04 5.132579000000000446e-01
2.003400000000000000e+04 5.143786000000000191e-01
2.004400000000000000e+04 5.143653000000000253e-01
2.005400000000000000e+04 5.137186999999999726e-01
2.006400000000000000e+04 5.134535999999999545e-01
2.007400000000000000e+04 5.129327999999999665e-01
2.008400000000000000e+04 5.125735999999999626e-01
2.009400000000000000e+04 5.125277999999999778e-01
2.010400000000000000e+04 5.127429000000000014e-01
2.011400000000000000e+04 5.124332000000000331e-01
2.012400000000000000e+04 5.130841999999999903e-01
2.013400000000000000e+04 5.123402999999999707e-01
2.014400000000000000e+04 5.128821000000000074e-01
2.015400000000000000e+04 5.137253999999999987e-01
2.016400000000000000e+04 5.140489000000000308e-01
2.017400000000000000e+04 5.142111999999999794e-01
2.018400000000000000e+04 5.150363000000000024e-01
2.019400000000000000e+04 5.151067000000000284e-01
2.020400000000000000e+04 5.154092999999999591e-01
2.021400000000000000e+04 5.144558999999999660e-01
2.022400000000000000e+04 5.157226000000000310e-01
2.023400000000000000e+04 5.164299999999999446e-01
2.024400000000000000e+04 5.170460000000000056e-01
2.025400000000000000e+04 5.184157000000000348e-01
2.026400000000000000e+04 5.188819999999999544e-01
2.027400000000000000e+04 5.185752999999999613e-01
2.028400000000000000e+04 5.193942999999999754e-01
2.029400000000000000e+04 5.194986999999999799e-01
2.030400000000000000e+04 5.200190000000000090e-01
2.031400000000000000e+04 5.202932999999999586e-01
2.032400000000000000e+04 5.203887000000000373e-01
2.033400000000000000e+04 5.205933000000000366e-01
2.034400000000000000e+04 5.204372999999999916e-01
2.035400000000000000e+04 5.206359000000000403e-01
2.036400000000000000e+04 5.200829999999999620e-01
2.037400000000000000e+04 5.202058000000000515e-01
2.038400000000000000e+04 5.199411000000000449e-01
2.039400000000000000e+04 5.199224000000000068e-01
2.040400000000000000e+04 5.194037000000000237e-01
2.041400000000000000e+04 5.180593999999999477e-01
2.042400000000000000e+04 5.180721000000000354e-01
2.043400000000000000e+04 5.169964000000000226e-01
2.044400000000000000e+04 5.157148000000000287e-01
2.045400000000000000e+04 5.153124999999999512e-01
2.046400000000000000e+04 5.135096999999999579e-01
2.047400000000000000e+04 5.129656000000000216e-01
2.048400000000000000e+04 5.120417999999999914e-01
2.049400000000000000e+04 5.114416999999999991e-01
2.050400000000000000e+04 5.108549000000000007e-01
2.051400000000000000e+04 5.105058000000000096e-01
2.052400000000000000e+04 5.094549000000000438e-01
2.053400000000000000e+04 5.090554999999999941e-01
2.054400000000000000e+04 5.091156999999999488e-01
2.055400000000000000e+04 5.089415000000000466e-01
2.056400000000000000e+04 5.082683000000000062e-01
2.057400000000000000e+04 5.083592000000000111e-01
2.058400000000000000e+04 5.086019999999999985e-01
2.059400000000000000e+04 5.087264999999999704e-01
2.060400000000000000e+04 5.089169000000000054e-01
2.061400000000000000e+04 5.093149000000000148e-01
2.062400000000000000e+04 5.099879999999999969e-01
2.063400000000000000e+04 5.110995000000000399e-01
2.064400000000000000e+04 5.115754000000000135e-01
2.065400000000000000e+04 5.120947999999999611e-01
2.066400000000000000e+04 5.129685000000000494e-01
2.067400000000000000e+04 5.141634999999999955e-01
2.068400000000000000e+04 5.153459999999999708e-01
2.069400000000000000e+04 5.159420000000000117e-01
2.070400000000000000e+04 5.169506000000000379e-01
2.071400000000000000e+04 5.181419000000000441e-01
2.072400000000000000e+04 5.188802000000000136e-01
2.073400000000000000e+04 5.208812000000000442e-01
2.074400000000000000e+04 5.213969000000000520e-01
2.075400000000000000e+04 5.218743999999999605e-01
2.076400000000000000e+04 5.224594999999999656e-01
2.077400000000000000e+04 5.230795000000000305e-01
2.078400000000000000e+04 5.234588000000000019e-01
2.079400000000000000e+04 5.239996999999999572e-01
2.080400000000000000e+04 5.239259000000000555e-01
2.081400000000000000e+04 5.237488999999999617e-01
2.082400000000000000e+04 5.245906999999999654e-01
2.083400000000000000e+04 5.241033000000000497e-01
2.084400000000000000e+04 5.247844999999999871e-01
2.085400000000000000e+04 5.245128999999999486e-01
2.086400000000000000e+04 5.250211000000000183e-01
2.087400000000000000e+04 5.249148000000000147e-01
2.088400000000000000e+04 5.246501999999999555e-01
2.089400000000000000e+04 5.235543999999999754e-01
2.090400000000000000e+04 5.233763999999999639e-01
2.091400000000000000e+04 5.219593000000000149e-01
2.092400000000000000e+04 5.215197999999999778e-01
2.093400000000000000e+04 5.217446999999999502e-01
2.094400000000000000e+04 5.213486000000000509e-01
2.095400000000000000e+04 5.210968000000000266e-01
2.096400000000000000e+04 5.203763000000000138e-01
2.097400000000000000e+04 5.202588000000000212e-01
2.098400000000000000e+04 5.201204000000000383e-01
2.099400000000000000e+04 5.201029000000000346e-01
2.100400000000000000e+04 5.185747000000000551e-01
2.101400000000000000e+04 5.190394000000000396e-01
2.102400000000000000e+04 5.181698999999999611e-01
2.103400000000000000e+04 5.187555999999999834e-01
2.104400000000000000e+04 5.188317999999999541e-01
2.105400000000000000e+04 5.184598000000000262e-01
2.106400000000000000e+04 5.181504999999999583e-01
2.107400000000000000e+04 5.175760999999999834e-01
2.108400000000000000e+04 5.173343999999999721e-01
2.109400000000000000e+04 5.164280999999999455e-01
2.110400000000000000e+04 5.170187000000000532e-01
2.111400000000000000e+04 5.162936999999999665e-01
2.112400000000000000e+04 5.163242999999999583e-01
2.113400000000000000e+04 5.157224000000000252e-01
2.114400000000000000e+04 5.161029000000000311e-01
2.115400000000000000e+04 5.153031000000000139e-01
2.116400000000000000e+04 5.150637999999999606e-01
2.117400000000000000e+04 5.148694999999999800e-01
2.118400000000000000e+04 5.148764000000000118e-01
2.119400000000000000e+04 5.143720000000000514e-01
2.120400000000000000e+04 5.137593000000000298e-01
2.121400000000000000e+04 5.132649999999999713e-01
2.122400000000000000e+04 5.126041999999999543e-01
2.123400000000000000e+04 5.124678999999999762e-01
2.124400000000000000e+04 5.115986999999999618e-01
2.125400000000000000e+04 5.111738000000000115e-01
2.126400000000000000e+04 5.105530999999999819e-01
2.127400000000000000e+04 5.106526999999999594e-01
2.128400000000000000e+04 5.095741000000000298e-01
2.129400000000000000e+04 5.102217999999999476e-01
2.130400000000000000e+04 5.090820000000000345e-01
2.131400000000000000e+04 5.085570999999999842e-01
2.132400000000000000e+04 5.090356999999999799e-01
2.133400000000000000e+04 5.086140000000000105e-01
2.134400000000000000e+04 5.088932000000000455e-01
2.135400000000000000e+04 5.081234000000000028e-01
2.136400000000000000e+04 5.083955999999999475e-01
2.137400000000000000e+04 5.081063000000000107e-01
2.138400000000000000e+04 5.080170000000000519e-01
2.139400000000000000e+04 5.083334000000000463e-01
2.140400000000000000e+04 5.087646999999999586e-01
2.141400000000000000e+04 5.085441000000000544e-01
2.142400000000000000e+04 5.099820999999999938e-01
2.143400000000000000e+04 5.097882000000000247e-01
2.144400000000000000e+04 5.105224999999999902e-01
2.145400000000000000e+04 5.112375000000000114e-01
2.146400000000000000e+04 5.113048000000000037e-01
2.147400000000000000e+04 5.115575999999999457e-01
2.148400000000000000e+04 5.119150000000000089e-01
2.149400000000000000e+04 5.113328999999999791e-01
2.150400000000000000e+04 5.123339999999999561e-01
2.151400000000000000e+04 5.117137999999999964e-01
2.152400000000000000e+04 5.121164999999999745e-01
2.153400000000000000e+04 5.112417000000000211e-01
2.154400000000000000e+04 5.116412999999999656e-01
2.155400000000000000e+04 5.108730999999999689e-01
2.156400000000000000e+04 5.108047000000000004e-01
2.157400000000000000e+04 5.102733999999999881e-01
2.158400000000000000e+04 5.101413999999999671e-01
2.159400000000000000e+04 5.100447000000000175e-01
2.160400000000000000e+04 5.087011000000000172e-01
2.161400000000000000e+04 5.081487999999999561e-01
2.162400000000000000e+04 5.064189000000000052e-01
2.163400000000000000e+04 5.055539999999999479e-01
2.164400000000000000e+04 5.045361000000000429e-01
2.165400000000000000e+04 5.035893999999999648e-01
2.166400000000000000e+04 5.028753000000000251e-01
2.167400000000000000e+04 5.013425999999999716e-01
2.168400000000000000e+04 5.010890000000000066e-01
2.169400000000000000e+04 4.992736999999999870e-01
2.170400000000000000e+04 4.983684999999999921e-01
2.171400000000000000e+04 4.966806000000000276e-01
2.172400000000000000e+04 4.967304000000000164e-01
2.173400000000000000e+04 4.955725999999999742e-01
2.174400000000000000e+04 4.949656000000000056e-01
2.175400000000000000e+04 4.944937999999999834e-01
2.176400000000000000e+04 4.940989000000000075e-01
2.177400000000000000e+04 4.936408999999999936e-01
2.178400000000000000e+04 4.926326999999999789e-01
2.179400000000000000e+04 4.924897999999999776e-01
2.180400000000000000e+04 4.925376000000000198e-01
2.181400000000000000e+04 4.919482000000000022e-01
2.182400000000000000e+04 4.913447000000000231e-01
2.183400000000000000e+04 4.912769000000000164e-01
2.184400000000000000e+04 4.914557999999999982e-01
2.185400000000000000e+04 4.929881999999999875e-01
2.186400000000000000e+04 4.932741999999999960e-01
2.187400000000000000e+04 4.929471999999999743e-01
2.188400000000000000e+04 4.939244999999999886e-01
2.189400000000000000e+04 4.937482999999999733e-01
2.190400000000000000e+04 4.944822999999999857e-01
2.191400000000000000e+04 4.955282999999999771e-01
2.192400000000000000e+04 4.958966000000000207e-01
2.193400000000000000e+04 4.964957999999999871e-01
2.194400000000000000e+04 4.975036999999999932e-01
2.195400000000000000e+04 4.978222999999999954e-01
2.196400000000000000e+04 4.985493999999999759e-01
2.197400000000000000e+04 4.998727000000000031e-01
2.198400000000000000e+04 5.011130000000000306e-01
2.199400000000000000e+04 5.019677000000000167e-01
2.200400000000000000e+04 5.035752000000000006e-01
2.201400000000000000e+04 5.036920999999999760e-01
2.202400000000000000e+04 5.050095000000000001e-01
2.203400000000000000e+04 5.055300000000000349e-01
2.204400000000000000e+04 5.066739000000000104e-01
2.205400000000000000e+04 5.068386999999999754e-01
2.206400000000000000e+04 5.064813000000000232e-01
2.207400000000000000e+04 5.056802000000000241e-01
2.208400000000000000e+04 5.044779999999999820e-01
2.209400000000000000e+04 5.030596999999999985e-01
2.210400000000000000e+04 5.012377999999999556e-01
2.211400000000000000e+04 4.982373999999999969e-01
2.212400000000000000e+04 4.943608999999999920e-01
2.213400000000000000e+04 4.891791999999999807e-01
2.214400000000000000e+04 4.818029999999999813e-01
2.215400000000000000e+04 4.747796000000000238e-01
2.216400000000000000e+04 4.641596000000000055e-01
2.217400000000000000e+04 4.533420000000000227e-01
2.218400000000000000e+04 4.403250000000000219e-01
2.219400000000000000e+04 4.251699999999999924e-01
2.220400000000000000e+04 4.087701999999999725e-01
2.221400000000000000e+04 3.909006999999999898e-01
2.222400000000000000e+04 3.717312999999999867e-01
2.223400000000000000e+04 3.509693999999999869e-01
2.224400000000000000e+04 3.291124999999999745e-01
2.225400000000000000e+04 3.067717999999999834e-01
2.226400000000000000e+04 2.851438000000000028e-01
2.227400000000000000e+04 2.643251999999999824e-01
2.228400000000000000e+04 2.438738000000000017e-01
2.229400000000000000e+04 2.245247999999999966e-01
2.230400000000000000e+04 2.063822999999999908e-01
2.231400000000000000e+04 1.889434000000000113e-01
2.232400000000000000e+04 1.730887000000000120e-01
2.233400000000000000e+04 1.585241000000000011e-01
2.234400000000000000e+04 1.448990000000000000e-01
2.235400000000000000e+04 1.318130999999999886e-01
2.236400000000000000e+04 1.197561999999999932e-01
2.237400000000000000e+04 1.078881000000000007e-01
2.238400000000000000e+04 9.672833000000000125e-02
2.239400000000000000e+04 8.684211999999999487e-02
2.240400000000000000e+04 7.746881999999999380e-02
2.241400000000000000e+04 6.877779000000000531e-02
2.242400000000000000e+04 6.096793999999999825e-02
2.243400000000000000e+04 5.381740000000000135e-02
2.244400000000000000e+04 4.715849999999999903e-02
2.245400000000000000e+04 4.144707000000000252e-02
2.246400000000000000e+04 3.635726999999999709e-02
2.247400000000000000e+04 3.175122999999999834e-02
2.248400000000000000e+04 2.774358999999999853e-02
2.249400000000000000e+04 2.418278000000000094e-02
2.250400000000000000e+04 2.100739000000000078e-02
2.251400000000000000e+04 1.827894000000000047e-02
2.252400000000000000e+04 1.598010000000000055e-02
2.253400000000000000e+04 1.393920000000000055e-02
2.254400000000000000e+04 1.213511999999999924e-02
2.255400000000000000e+04 1.059614000000000042e-02
2.256400000000000000e+04 9.206305999999999171e-03
2.257400000000000000e+04 8.004963000000000356e-03
2.258400000000000000e+04 7.001732000000000095e-03
2.259400000000000000e+04 6.117787999999999872e-03
2.260400000000000000e+04 5.336749000000000007e-03
2.261400000000000000e+04 4.669264000000000227e-03
2.262400000000000000e+04 4.073219999999999792e-03
2.263400000000000000e+04 3.555534999999999859e-03
2.264400000000000000e+04 3.123406000000000012e-03
2.265400000000000000e+04 2.749520000000000089e-03
2.266400000000000000e+04 2.415645000000000119e-03
2.267400000000000000e+04 2.135053999999999945e-03
2.268400000000000000e+04 1.888474000000000012e-03
2.269400000000000000e+04 1.671973999999999900e-03
2.270400000000000000e+04 1.488387000000000087e-03
2.271400000000000000e+04 1.328287000000000044e-03
2.272400000000000000e+04 1.186954999999999955e-03
2.273400000000000000e+04 1.068425000000000017e-03
2.274400000000000000e+04 9.567548999999999628e-04
2.275400000000000000e+04 8.605111999999999614e-04
2.276400000000000000e+04 7.739589999999999534e-04
2.277400000000000000e+04 7.024721999999999520e-04
2.278400000000000000e+04 6.368882000000000189e-04
2.279400000000000000e+04 5.779749999999999948e-04
2.280400000000000000e+04 5.294606999999999569e-04
2.281400000000000000e+04 4.807235000000000197e-04
2.282400000000000000e+04 4.367867999999999903e-04
2.283400000000000000e+04 4.019664999999999740e-04
2.284400000000000000e+04 3.700821000000000189e-04
2.285400000000000000e+04 3.408438000000000179e-04
2.286400000000000000e+04 3.117687999999999753e-04
2.287400000000000000e+04 2.865577000000000228e-04
2.288400000000000000e+04 2.663335999999999872e-04
2.289400000000000000e+04 2.429610999999999869e-04
2.290400000000000000e+04 2.260194999999999999e-04
2.291400000000000000e+04 2.094831999999999868e-04
2.292400000000000000e+04 1.928978999999999883e-04
2.293400000000000000e+04 1.768480000000000117e-04
2.294400000000000000e+04 1.645089999999999931e-04
2.295400000000000000e+04 1.531937000000000034e-04
2.296400000000000000e+04 1.410833999999999916e-04
2.297400000000000000e+04 1.334864999999999967e-04
2.298400000000000000e+04 1.227385000000000108e-04
2.299400000000000000e+04 1.152435000000000021e-04
2.300400000000000000e+04 1.074945999999999991e-04
2.301400000000000000e+04 0.000000000000000000e+00
