2.310659999999999854e+04 4.148225000000000420e-06
2.311859999999999854e+04 4.691103999999999970e-06
2.313059999999999854e+04 5.835913000000000041e-06
2.314259999999999854e+04 6.626690999999999977e-06
2.315459999999999854e+04 7.587087000000000022e-06
2.316659999999999854e+04 8.744568000000000062e-06
2.317859999999999854e+04 1.002985999999999921e-05
2.319070000000000073e+04 1.271080999999999935e-05
2.320270000000000073e+04 1.446945999999999987e-05
2.321470000000000073e+04 1.661294000000000090e-05
2.322670000000000073e+04 1.906647999999999977e-05
2.323870000000000073e+04 2.177607000000000105e-05
2.325070000000000073e+04 2.709858000000000034e-05
2.326270000000000073e+04 3.035164999999999933e-05
2.327470000000000073e+04 3.429356999999999767e-05
2.328670000000000073e+04 3.881709999999999805e-05
2.329870000000000073e+04 4.386257000000000041e-05
2.331070000000000073e+04 5.245478000000000331e-05
2.332279999999999927e+04 5.870155999999999774e-05
2.333479999999999927e+04 6.615808000000000474e-05
2.334679999999999927e+04 7.483605000000000324e-05
2.335879999999999927e+04 8.483885999999999565e-05
2.337079999999999927e+04 1.002470000000000043e-04
2.338279999999999927e+04 1.140232000000000029e-04
2.339479999999999927e+04 1.296749999999999943e-04
2.340679999999999927e+04 1.479178999999999954e-04
2.341879999999999927e+04 1.685516000000000076e-04
2.343079999999999927e+04 1.946375000000000080e-04
2.344290000000000146e+04 2.216820999999999896e-04
2.345490000000000146e+04 2.534052000000000179e-04
2.346690000000000146e+04 2.905097000000000148e-04
2.347890000000000146e+04 3.335387999999999786e-04
2.349090000000000146e+04 3.868182999999999756e-04
2.350290000000000146e+04 4.493939000000000072e-04
2.351490000000000146e+04 5.252361000000000313e-04
2.352690000000000146e+04 6.169043999999999613e-04
2.353890000000000146e+04 7.276783999999999683e-04
2.355090000000000146e+04 8.724291000000000120e-04
2.356300000000000000e+04 1.038676000000000096e-03
2.357500000000000000e+04 1.238245999999999921e-03
2.358700000000000000e+04 1.475746000000000002e-03
2.359900000000000000e+04 1.756235000000000088e-03
2.361100000000000000e+04 2.129270999999999855e-03
2.362300000000000000e+04 2.517591000000000013e-03
2.363500000000000000e+04 2.958570000000000210e-03
2.364700000000000000e+04 3.452008999999999807e-03
2.365900000000000000e+04 3.996658999999999629e-03
2.367100000000000000e+04 4.687280999999999739e-03
2.368300000000000000e+04 5.331002999999999957e-03
2.369509999999999854e+04 6.013423999999999853e-03
2.370709999999999854e+04 6.730398000000000283e-03
2.371909999999999854e+04 7.481151999999999594e-03
2.373109999999999854e+04 8.353963000000000708e-03
2.374309999999999854e+04 9.165810999999999403e-03
2.375509999999999854e+04 9.951537999999999357e-03
2.376709999999999854e+04 1.080519999999999918e-02
2.377909999999999854e+04 1.173323000000000074e-02
2.379109999999999854e+04 1.276765000000000018e-02
2.380309999999999854e+04 1.390054999999999936e-02
2.381520000000000073e+04 1.517120999999999921e-02
2.382720000000000073e+04 1.661185999999999913e-02
2.383920000000000073e+04 1.825703999999999869e-02
2.385120000000000073e+04 2.016431000000000126e-02
2.386320000000000073e+04 2.234633999999999926e-02
2.387520000000000073e+04 2.488384999999999903e-02
2.388720000000000073e+04 2.784516000000000074e-02
2.389920000000000073e+04 3.130572000000000216e-02
2.391120000000000073e+04 3.537422999999999956e-02
2.392320000000000073e+04 4.009664999999999757e-02
2.393529999999999927e+04 4.558187999999999823e-02
2.394729999999999927e+04 5.190931000000000017e-02
2.395929999999999927e+04 5.913957999999999715e-02
2.397129999999999927e+04 6.733899999999999608e-02
2.398329999999999927e+04 7.640273000000000203e-02
2.399529999999999927e+04 8.627176999999999762e-02
2.400729999999999927e+04 9.678240999999999927e-02
2.401929999999999927e+04 1.077110000000000012e-01
2.403129999999999927e+04 1.188538999999999984e-01
2.404329999999999927e+04 1.297746999999999928e-01
2.405529999999999927e+04 1.402540999999999927e-01
2.406740000000000146e+04 1.500497000000000081e-01
2.407940000000000146e+04 1.589943000000000051e-01
2.409140000000000146e+04 1.671176000000000050e-01
2.410340000000000146e+04 1.742512999999999979e-01
2.411540000000000146e+04 1.806107999999999880e-01
2.412740000000000146e+04 1.863941000000000070e-01
2.413940000000000146e+04 1.918519999999999948e-01
2.415140000000000146e+04 1.973706000000000071e-01
2.416340000000000146e+04 2.029902000000000095e-01
2.417540000000000146e+04 2.090477000000000030e-01
2.418750000000000000e+04 2.157058000000000031e-01
2.419950000000000000e+04 2.230462000000000000e-01
2.421150000000000000e+04 2.311867999999999979e-01
2.422350000000000000e+04 2.397683999999999926e-01
2.423550000000000000e+04 2.487213000000000063e-01
2.424750000000000000e+04 2.577923999999999771e-01
2.425950000000000000e+04 2.667007000000000128e-01
2.427150000000000000e+04 2.753232999999999930e-01
2.428350000000000000e+04 2.831345000000000112e-01
2.429550000000000000e+04 2.901171000000000166e-01
2.430759999999999854e+04 2.961945999999999746e-01
2.431959999999999854e+04 3.013785999999999965e-01
2.433159999999999854e+04 3.059219000000000244e-01
2.434359999999999854e+04 3.096514000000000211e-01
2.435559999999999854e+04 3.129123999999999794e-01
2.436759999999999854e+04 3.158934999999999937e-01
2.437959999999999854e+04 3.187723000000000084e-01
2.439159999999999854e+04 3.218694000000000277e-01
2.440359999999999854e+04 3.249732000000000176e-01
2.441559999999999854e+04 3.283398000000000150e-01
2.442759999999999854e+04 3.320318999999999909e-01
2.443970000000000073e+04 3.360883000000000065e-01
2.445170000000000073e+04 3.406948000000000198e-01
2.446370000000000073e+04 3.454952000000000023e-01
2.447570000000000073e+04 3.506305000000000116e-01
2.448770000000000073e+04 3.560515000000000208e-01
2.449970000000000073e+04 3.616948999999999859e-01
2.451170000000000073e+04 3.669043000000000165e-01
2.452370000000000073e+04 3.723578000000000165e-01
2.453570000000000073e+04 3.777698999999999918e-01
2.454770000000000073e+04 3.830465000000000120e-01
2.455979999999999927e+04 3.881034999999999902e-01
2.457179999999999927e+04 3.926559000000000021e-01
2.458379999999999927e+04 3.970617000000000174e-01
2.459579999999999927e+04 4.010652000000000106e-01
2.460779999999999927e+04 4.046374999999999833e-01
2.461979999999999927e+04 4.077661000000000202e-01
2.463179999999999927e+04 4.102324999999999999e-01
2.464379999999999927e+04 4.125050000000000106e-01
2.465579999999999927e+04 4.143914000000000208e-01
2.466779999999999927e+04 4.159294000000000047e-01
2.467979999999999927e+04 4.171618999999999744e-01
2.469190000000000146e+04 4.181273999999999824e-01
2.470390000000000146e+04 4.188870000000000093e-01
2.471590000000000146e+04 4.196971999999999925e-01
2.472790000000000146e+04 4.201534000000000102e-01
2.473990000000000146e+04 4.207326000000000121e-01
2.475190000000000146e+04 4.210103000000000040e-01
2.476390000000000146e+04 4.212432999999999872e-01
2.477590000000000146e+04 4.216674999999999729e-01
2.478790000000000146e+04 4.218470000000000275e-01
2.479990000000000146e+04 4.222306000000000115e-01
2.481200000000000000e+04 4.223707999999999907e-01
2.482400000000000000e+04 4.227246000000000059e-01
2.483600000000000000e+04 4.230557999999999819e-01
2.484800000000000000e+04 4.233603000000000227e-01
2.486000000000000000e+04 4.234054999999999902e-01
2.487200000000000000e+04 4.236230999999999747e-01
2.488400000000000000e+04 4.237896999999999914e-01
2.489600000000000000e+04 4.236719999999999930e-01
2.490800000000000000e+04 4.237080999999999764e-01
2.492000000000000000e+04 4.236635999999999735e-01
2.493209999999999854e+04 4.235411000000000037e-01
2.494409999999999854e+04 4.233336999999999795e-01
2.495609999999999854e+04 4.230397000000000185e-01
2.496809999999999854e+04 4.226619999999999822e-01
2.498009999999999854e+04 4.222040000000000237e-01
2.499209999999999854e+04 4.216678999999999844e-01
2.500409999999999854e+04 4.210607000000000100e-01
2.501609999999999854e+04 4.204000999999999988e-01
2.502809999999999854e+04 4.196851999999999805e-01
2.504009999999999854e+04 4.189342999999999817e-01
2.505209999999999854e+04 4.181435000000000013e-01
2.506420000000000073e+04 4.173315000000000219e-01
2.507620000000000073e+04 4.165057999999999816e-01
2.508820000000000073e+04 4.156814999999999816e-01
2.510020000000000073e+04 4.148797000000000179e-01
2.511220000000000073e+04 4.140872999999999915e-01
2.512420000000000073e+04 4.133254000000000095e-01
2.513620000000000073e+04 4.126055000000000139e-01
2.514820000000000073e+04 4.119322000000000261e-01
2.516020000000000073e+04 4.113263999999999809e-01
2.517220000000000073e+04 4.107716000000000145e-01
2.518429999999999927e+04 4.102821999999999858e-01
2.519629999999999927e+04 4.098628999999999745e-01
2.520829999999999927e+04 4.095197999999999894e-01
2.522029999999999927e+04 4.092418999999999918e-01
2.523229999999999927e+04 4.090413999999999994e-01
2.524429999999999927e+04 4.089210999999999818e-01
2.525629999999999927e+04 4.088795000000000068e-01
2.526829999999999927e+04 4.089149999999999729e-01
2.528029999999999927e+04 4.090334999999999943e-01
2.529229999999999927e+04 4.092253000000000140e-01
2.530440000000000146e+04 4.094886999999999833e-01
2.531640000000000146e+04 4.098217000000000110e-01
2.532840000000000146e+04 4.102206999999999937e-01
2.534040000000000146e+04 4.106868000000000185e-01
2.535240000000000146e+04 4.112065999999999777e-01
2.536440000000000146e+04 4.117797000000000263e-01
2.537640000000000146e+04 4.123972000000000193e-01
2.538840000000000146e+04 4.130542999999999854e-01
2.540040000000000146e+04 4.137552999999999925e-01
2.541240000000000146e+04 4.144785000000000275e-01
2.542440000000000146e+04 4.152257999999999782e-01
2.543650000000000000e+04 4.159896000000000149e-01
2.544850000000000000e+04 4.167641999999999736e-01
2.546050000000000000e+04 4.175563999999999942e-01
2.547250000000000000e+04 4.183411000000000213e-01
2.548450000000000000e+04 4.191235999999999851e-01
2.549650000000000000e+04 4.198988000000000165e-01
2.550850000000000000e+04 4.206635000000000235e-01
2.552050000000000000e+04 4.214950000000000085e-01
2.553250000000000000e+04 4.222614000000000090e-01
2.554450000000000000e+04 4.230056999999999845e-01
2.555659999999999854e+04 4.237247000000000097e-01
2.556859999999999854e+04 4.244158000000000097e-01
2.558059999999999854e+04 4.251286000000000231e-01
2.559259999999999854e+04 4.257611000000000034e-01
2.560459999999999854e+04 4.263619000000000159e-01
2.561659999999999854e+04 4.269348000000000032e-01
2.562859999999999854e+04 4.274777000000000160e-01
2.564059999999999854e+04 4.280448000000000031e-01
2.565259999999999854e+04 4.285275000000000056e-01
2.566459999999999854e+04 4.289843999999999880e-01
2.567670000000000073e+04 4.294209999999999972e-01
2.568870000000000073e+04 4.298279999999999879e-01
2.570070000000000073e+04 4.302667000000000019e-01
2.571270000000000073e+04 4.306344999999999756e-01
2.572470000000000073e+04 4.309799000000000269e-01
2.573670000000000073e+04 4.313114000000000114e-01
2.574870000000000073e+04 4.316363999999999757e-01
2.576070000000000073e+04 4.320079000000000002e-01
2.577270000000000073e+04 4.323077000000000170e-01
2.578470000000000073e+04 4.326079999999999925e-01
2.579670000000000073e+04 4.328992999999999869e-01
2.580879999999999927e+04 4.331866999999999801e-01
2.582079999999999927e+04 4.335421999999999887e-01
2.583279999999999927e+04 4.338767000000000040e-01
2.584479999999999927e+04 4.342130000000000156e-01
2.585679999999999927e+04 4.345511000000000235e-01
2.586879999999999927e+04 4.348949999999999760e-01
2.588079999999999927e+04 4.353450999999999849e-01
2.589279999999999927e+04 4.356958000000000220e-01
2.590479999999999927e+04 4.360307999999999962e-01
2.591679999999999927e+04 4.363673000000000135e-01
2.592890000000000146e+04 4.367174999999999807e-01
2.594090000000000146e+04 4.371723000000000137e-01
2.595290000000000146e+04 4.375165999999999777e-01
2.596490000000000146e+04 4.378541000000000238e-01
2.597690000000000146e+04 4.381847999999999854e-01
2.598890000000000146e+04 4.385069999999999801e-01
2.600090000000000146e+04 4.389402000000000026e-01
2.601290000000000146e+04 4.387777999999999956e-01
2.602490000000000146e+04 4.385045000000000193e-01
2.603690000000000146e+04 4.382164000000000059e-01
2.604900000000000000e+04 4.379100000000000215e-01
2.606100000000000000e+04 4.371398000000000228e-01
2.607300000000000000e+04 4.367961000000000205e-01
2.608500000000000000e+04 4.364315999999999751e-01
2.609700000000000000e+04 4.360456999999999805e-01
2.610900000000000000e+04 4.356463999999999892e-01
2.612100000000000000e+04 4.347763000000000044e-01
2.613300000000000000e+04 4.343209000000000097e-01
2.614500000000000000e+04 4.330941999999999847e-01
2.615700000000000000e+04 4.330636999999999959e-01
2.616900000000000000e+04 4.330080000000000040e-01
2.618109999999999854e+04 4.329651999999999945e-01
2.619309999999999854e+04 4.328902000000000028e-01
2.620509999999999854e+04 4.328003000000000267e-01
2.621709999999999854e+04 4.327035000000000187e-01
2.622909999999999854e+04 4.325972000000000151e-01
2.624109999999999854e+04 4.325021000000000004e-01
2.625309999999999854e+04 4.323899999999999966e-01
2.626509999999999854e+04 4.322748000000000146e-01
2.627709999999999854e+04 4.321554000000000229e-01
2.628909999999999854e+04 4.320461999999999914e-01
2.630120000000000073e+04 4.319583000000000172e-01
2.631320000000000073e+04 4.318675000000000153e-01
2.632520000000000073e+04 4.317945999999999729e-01
2.633720000000000073e+04 4.317287000000000208e-01
2.634920000000000073e+04 4.316788999999999765e-01
2.636120000000000073e+04 4.316718999999999973e-01
2.637320000000000073e+04 4.316613000000000255e-01
2.638520000000000073e+04 4.316675999999999847e-01
2.639720000000000073e+04 4.316996000000000167e-01
2.640920000000000073e+04 4.317485999999999824e-01
2.642129999999999927e+04 4.318344000000000071e-01
2.643329999999999927e+04 4.319291000000000103e-01
2.644529999999999927e+04 4.320476999999999790e-01
2.645729999999999927e+04 4.321882000000000223e-01
2.646929999999999927e+04 4.323510999999999882e-01
2.648129999999999927e+04 4.325501999999999958e-01
2.649329999999999927e+04 4.327506999999999882e-01
2.650529999999999927e+04 4.329725999999999853e-01
2.651729999999999927e+04 4.322347000000000272e-01
2.652929999999999927e+04 4.323586999999999847e-01
2.654129999999999927e+04 4.323533999999999988e-01
2.655340000000000146e+04 4.324742999999999782e-01
2.656540000000000146e+04 4.325974000000000208e-01
2.657740000000000146e+04 4.327255999999999880e-01
2.658940000000000146e+04 4.328558000000000128e-01
2.660140000000000146e+04 4.328053000000000039e-01
2.661340000000000146e+04 4.328775000000000261e-01
2.662540000000000146e+04 4.329467000000000176e-01
2.663740000000000146e+04 4.330061000000000049e-01
2.664940000000000146e+04 4.330666000000000238e-01
2.666140000000000146e+04 4.328771000000000146e-01
2.667350000000000000e+04 4.329118000000000133e-01
2.668550000000000000e+04 4.329491999999999785e-01
2.669750000000000000e+04 4.329781999999999798e-01
2.670950000000000000e+04 4.330093999999999888e-01
2.672150000000000000e+04 4.328218999999999816e-01
2.673350000000000000e+04 4.328499000000000096e-01
2.674550000000000000e+04 4.328723999999999905e-01
2.675750000000000000e+04 4.329039000000000081e-01
2.676950000000000000e+04 4.329316999999999749e-01
2.678150000000000000e+04 4.327788000000000190e-01
2.679350000000000000e+04 4.327874999999999917e-01
2.680559999999999854e+04 4.327816999999999914e-01
2.681759999999999854e+04 4.327636999999999734e-01
2.682959999999999854e+04 4.327267000000000197e-01
2.684159999999999854e+04 4.325712999999999919e-01
2.685359999999999854e+04 4.325139000000000067e-01
2.686559999999999854e+04 4.324388000000000121e-01
2.687759999999999854e+04 4.323545999999999778e-01
2.688959999999999854e+04 4.322663999999999951e-01
2.690159999999999854e+04 4.321343999999999741e-01
2.691359999999999854e+04 4.320531000000000232e-01
2.692570000000000073e+04 4.319734000000000074e-01
2.693770000000000073e+04 4.318985000000000185e-01
2.694970000000000073e+04 4.318313999999999764e-01
2.696170000000000073e+04 4.317885000000000195e-01
2.697370000000000073e+04 4.317446999999999813e-01
2.698570000000000073e+04 4.317128000000000076e-01
2.699770000000000073e+04 4.316960000000000242e-01
2.700970000000000073e+04 4.325570000000000248e-01
2.702170000000000073e+04 4.327510999999999997e-01
2.703370000000000073e+04 4.328316999999999859e-01
2.704579999999999927e+04 4.329139000000000181e-01
2.705779999999999927e+04 4.329991000000000256e-01
2.706979999999999927e+04 4.330841999999999747e-01
2.708179999999999927e+04 4.332906999999999731e-01
2.709379999999999927e+04 4.333833000000000268e-01
2.710579999999999927e+04 4.334725999999999857e-01
2.711779999999999927e+04 4.335617999999999972e-01
2.712979999999999927e+04 4.336460999999999788e-01
2.714179999999999927e+04 4.338452999999999893e-01
2.715379999999999927e+04 4.339216000000000184e-01
2.716579999999999927e+04 4.339889000000000108e-01
2.717790000000000146e+04 4.340564000000000089e-01
2.718990000000000146e+04 4.341180000000000039e-01
2.720190000000000146e+04 4.342872999999999872e-01
2.721390000000000146e+04 4.343377999999999961e-01
2.722590000000000146e+04 4.343882000000000021e-01
2.723790000000000146e+04 4.344380999999999937e-01
2.724990000000000146e+04 4.344838999999999785e-01
2.726190000000000146e+04 4.346542999999999934e-01
2.727390000000000146e+04 4.346979000000000259e-01
2.728590000000000146e+04 4.347340000000000093e-01
2.729800000000000000e+04 4.347757999999999901e-01
2.731000000000000000e+04 4.348053000000000057e-01
2.732200000000000000e+04 4.349521000000000082e-01
2.733400000000000000e+04 4.349804999999999922e-01
2.734600000000000000e+04 4.350064000000000153e-01
2.735800000000000000e+04 4.350303999999999838e-01
2.737000000000000000e+04 4.351740000000000053e-01
2.738200000000000000e+04 4.352094000000000240e-01
2.739400000000000000e+04 4.352519999999999722e-01
2.740600000000000000e+04 4.353086999999999929e-01
2.741809999999999854e+04 4.353702999999999879e-01
2.743009999999999854e+04 4.355588000000000237e-01
2.744209999999999854e+04 4.356464999999999921e-01
2.745409999999999854e+04 4.357476000000000127e-01
2.746609999999999854e+04 4.358624999999999861e-01
2.747809999999999854e+04 4.359847000000000028e-01
2.749009999999999854e+04 4.362385999999999764e-01
2.750209999999999854e+04 4.363886000000000154e-01
2.751409999999999854e+04 4.358820999999999946e-01
2.752609999999999854e+04 4.353953999999999880e-01
2.753809999999999854e+04 4.349262999999999879e-01
2.755020000000000073e+04 4.339263999999999899e-01
2.756220000000000073e+04 4.334882999999999931e-01
2.757420000000000073e+04 4.330695999999999990e-01
2.758620000000000073e+04 4.326626000000000083e-01
2.759820000000000073e+04 4.322726000000000068e-01
2.761020000000000073e+04 4.313583999999999752e-01
2.762220000000000073e+04 4.309983000000000009e-01
2.763420000000000073e+04 4.312715999999999772e-01
2.764620000000000073e+04 4.314047999999999772e-01
2.765820000000000073e+04 4.315606000000000164e-01
2.767029999999999927e+04 4.316789999999999794e-01
2.768229999999999927e+04 4.318819999999999881e-01
2.769429999999999927e+04 4.321017999999999804e-01
2.770629999999999927e+04 4.323355999999999866e-01
2.771829999999999927e+04 4.325875000000000137e-01
2.773029999999999927e+04 4.328507999999999800e-01
2.774229999999999927e+04 4.331356000000000095e-01
2.775429999999999927e+04 4.334261999999999837e-01
2.776629999999999927e+04 4.337255999999999889e-01
2.777829999999999927e+04 4.340276000000000134e-01
2.779040000000000146e+04 4.343801999999999941e-01
2.780240000000000146e+04 4.346943999999999808e-01
2.781440000000000146e+04 4.350052999999999837e-01
2.782640000000000146e+04 4.353123999999999882e-01
2.783840000000000146e+04 4.356121000000000021e-01
2.785040000000000146e+04 4.359945000000000070e-01
2.786240000000000146e+04 4.362869999999999804e-01
2.787440000000000146e+04 4.365700000000000136e-01
2.788640000000000146e+04 4.368427999999999756e-01
2.789840000000000146e+04 4.371017999999999848e-01
2.791040000000000146e+04 4.374513999999999903e-01
2.792250000000000000e+04 4.376845999999999792e-01
2.793450000000000000e+04 4.379032999999999953e-01
2.794650000000000000e+04 4.381014999999999771e-01
2.795850000000000000e+04 4.382853999999999917e-01
2.797050000000000000e+04 4.385496999999999868e-01
2.798250000000000000e+04 4.386948999999999987e-01
2.799450000000000000e+04 4.388219999999999898e-01
2.800650000000000000e+04 4.389320999999999917e-01
2.801850000000000000e+04 4.390277000000000207e-01
2.803050000000000000e+04 4.391764000000000223e-01
2.804259999999999854e+04 4.392351999999999923e-01
2.805459999999999854e+04 4.392778999999999989e-01
2.806659999999999854e+04 4.393095000000000194e-01
2.807859999999999854e+04 4.393285000000000107e-01
2.809059999999999854e+04 4.393624999999999892e-01
2.810259999999999854e+04 4.393505999999999800e-01
2.811459999999999854e+04 4.393290999999999724e-01
2.812659999999999854e+04 4.393017000000000172e-01
2.813859999999999854e+04 4.392671000000000214e-01
2.815059999999999854e+04 4.391958000000000251e-01
2.816270000000000073e+04 4.391420999999999797e-01
2.817470000000000073e+04 4.390889000000000042e-01
2.818670000000000073e+04 4.390340999999999827e-01
2.819870000000000073e+04 4.389837999999999796e-01
2.821070000000000073e+04 4.388431999999999888e-01
2.822270000000000073e+04 4.388734000000000246e-01
2.823470000000000073e+04 4.389087999999999878e-01
2.824670000000000073e+04 4.389511999999999858e-01
2.825870000000000073e+04 4.390002000000000071e-01
2.827070000000000073e+04 4.389953999999999801e-01
2.828270000000000073e+04 4.390521000000000007e-01
2.829479999999999927e+04 4.391162000000000121e-01
2.830679999999999927e+04 4.391930000000000001e-01
2.831879999999999927e+04 4.392782000000000076e-01
2.833079999999999927e+04 4.392802000000000096e-01
2.834279999999999927e+04 4.393810000000000215e-01
2.835479999999999927e+04 4.394951999999999748e-01
2.836679999999999927e+04 4.396208999999999811e-01
2.837879999999999927e+04 4.397576999999999736e-01
2.839079999999999927e+04 4.397973000000000021e-01
2.840279999999999927e+04 4.399576000000000042e-01
2.841490000000000146e+04 4.401303999999999772e-01
2.842690000000000146e+04 4.403136000000000272e-01
2.843890000000000146e+04 4.405090999999999868e-01
2.845090000000000146e+04 4.406098999999999988e-01
2.846290000000000146e+04 4.408282000000000034e-01
2.847490000000000146e+04 4.410571999999999826e-01
2.848690000000000146e+04 4.412965999999999833e-01
2.849890000000000146e+04 4.415416999999999814e-01
2.851090000000000146e+04 4.417192999999999814e-01
2.852290000000000146e+04 4.419865000000000044e-01
2.853500000000000000e+04 4.422627000000000086e-01
2.854700000000000000e+04 4.425457999999999892e-01
2.855900000000000000e+04 4.428350999999999815e-01
2.857100000000000000e+04 4.430895000000000250e-01
2.858300000000000000e+04 4.433959000000000095e-01
2.859500000000000000e+04 4.437080999999999942e-01
2.860700000000000000e+04 4.440232000000000068e-01
2.861900000000000000e+04 4.443416000000000032e-01
2.863100000000000000e+04 4.446634999999999893e-01
2.864300000000000000e+04 4.449955999999999912e-01
2.865500000000000000e+04 4.453295999999999921e-01
2.866709999999999854e+04 4.456659000000000037e-01
2.867909999999999854e+04 4.460010999999999837e-01
2.869109999999999854e+04 4.463771999999999740e-01
2.870309999999999854e+04 4.467185000000000183e-01
2.871509999999999854e+04 4.470604000000000244e-01
2.872709999999999854e+04 4.473998000000000141e-01
2.873909999999999854e+04 4.477369999999999961e-01
2.875109999999999854e+04 4.481341999999999826e-01
2.876309999999999854e+04 4.484666999999999959e-01
2.877509999999999854e+04 4.487939000000000234e-01
2.878720000000000073e+04 4.491145000000000276e-01
2.879920000000000073e+04 4.494268000000000152e-01
2.881120000000000073e+04 4.498050000000000104e-01
2.882320000000000073e+04 4.500996999999999915e-01
2.883520000000000073e+04 4.503827000000000247e-01
2.884720000000000073e+04 4.506543000000000077e-01
2.885920000000000073e+04 4.509124999999999939e-01
2.887120000000000073e+04 4.512214999999999976e-01
2.888320000000000073e+04 4.514456000000000024e-01
2.889520000000000073e+04 4.516536999999999913e-01
2.890729999999999927e+04 4.518428999999999918e-01
2.891929999999999927e+04 4.520148999999999972e-01
2.893129999999999927e+04 4.522024000000000044e-01
2.894329999999999927e+04 4.523288999999999782e-01
2.895529999999999927e+04 4.524324000000000123e-01
2.896729999999999927e+04 4.525141999999999776e-01
2.897929999999999927e+04 4.525737000000000232e-01
2.899129999999999927e+04 4.526011999999999813e-01
2.900329999999999927e+04 4.526079000000000074e-01
2.901529999999999927e+04 4.525913999999999771e-01
2.902729999999999927e+04 4.525498000000000021e-01
2.903940000000000146e+04 4.524861000000000022e-01
2.905140000000000146e+04 4.523325000000000262e-01
2.906340000000000146e+04 4.522143000000000135e-01
2.907540000000000146e+04 4.520735000000000170e-01
2.908740000000000146e+04 4.519117000000000273e-01
2.909940000000000146e+04 4.517287999999999859e-01
2.911140000000000146e+04 4.514014000000000082e-01
2.912340000000000146e+04 4.511731999999999965e-01
2.913540000000000146e+04 4.509288000000000185e-01
2.914740000000000146e+04 4.506691999999999920e-01
2.915950000000000000e+04 4.503975000000000062e-01
2.917150000000000000e+04 4.499366000000000199e-01
2.918350000000000000e+04 4.496394000000000224e-01
2.919550000000000000e+04 4.493379000000000123e-01
2.920750000000000000e+04 4.490334999999999743e-01
2.921950000000000000e+04 4.487285999999999775e-01
2.923150000000000000e+04 4.482063000000000019e-01
2.924350000000000000e+04 4.479000000000000203e-01
2.925550000000000000e+04 4.475996999999999892e-01
2.926750000000000000e+04 4.473076000000000274e-01
2.927950000000000000e+04 4.470255000000000201e-01
2.929159999999999854e+04 4.465175000000000116e-01
2.930359999999999854e+04 4.462589000000000139e-01
2.931559999999999854e+04 4.460145999999999833e-01
2.932759999999999854e+04 4.457871999999999946e-01
2.933959999999999854e+04 4.455787999999999971e-01
2.935159999999999854e+04 4.451560999999999990e-01
2.936359999999999854e+04 4.449915999999999872e-01
2.937559999999999854e+04 4.448497000000000146e-01
2.938759999999999854e+04 4.447304000000000257e-01
2.939959999999999854e+04 4.446344999999999881e-01
2.941170000000000073e+04 4.443902000000000130e-01
2.942370000000000073e+04 4.443849000000000271e-01
2.943570000000000073e+04 4.444041000000000241e-01
2.944770000000000073e+04 4.444480000000000097e-01
2.945970000000000073e+04 4.445149999999999935e-01
2.947170000000000073e+04 4.444764999999999966e-01
2.948370000000000073e+04 4.445962999999999998e-01
2.949570000000000073e+04 4.447363999999999762e-01
2.950770000000000073e+04 4.448951999999999907e-01
2.951970000000000073e+04 4.450713000000000030e-01
2.953179999999999927e+04 4.451950000000000074e-01
2.954379999999999927e+04 4.454099000000000252e-01
2.955579999999999927e+04 4.456366999999999967e-01
2.956779999999999927e+04 4.458744000000000041e-01
2.957979999999999927e+04 4.461201000000000194e-01
2.959179999999999927e+04 4.463729000000000169e-01
2.960379999999999927e+04 4.466391000000000111e-01
2.961579999999999927e+04 4.469072000000000044e-01
2.962779999999999927e+04 4.471757000000000093e-01
2.963979999999999927e+04 4.474435999999999969e-01
2.965179999999999927e+04 4.477817000000000047e-01
2.966390000000000146e+04 4.480520000000000058e-01
2.967590000000000146e+04 4.483148000000000133e-01
2.968790000000000146e+04 4.485701999999999745e-01
2.969990000000000146e+04 4.488176999999999861e-01
2.971190000000000146e+04 4.491957999999999784e-01
2.972390000000000146e+04 4.494335999999999887e-01
2.973590000000000146e+04 4.496597999999999984e-01
2.974790000000000146e+04 4.498758999999999952e-01
2.975990000000000146e+04 4.500816000000000261e-01
2.977190000000000146e+04 4.504741999999999913e-01
2.978400000000000000e+04 4.506674999999999986e-01
2.979600000000000000e+04 4.508518000000000248e-01
2.980800000000000000e+04 4.510275999999999730e-01
2.982000000000000000e+04 4.511971000000000176e-01
2.983200000000000000e+04 4.515967000000000175e-01
2.984400000000000000e+04 4.517594999999999805e-01
2.985600000000000000e+04 4.519166000000000016e-01
2.986800000000000000e+04 4.520727999999999969e-01
2.988000000000000000e+04 4.524838999999999944e-01
2.989200000000000000e+04 4.526417999999999831e-01
2.990409999999999854e+04 4.528000999999999832e-01
2.991609999999999854e+04 4.529632000000000103e-01
2.992809999999999854e+04 4.531306999999999974e-01
2.994009999999999854e+04 4.535677000000000181e-01
2.995209999999999854e+04 4.537511000000000183e-01
2.996409999999999854e+04 4.539440000000000142e-01
2.997609999999999854e+04 4.541471999999999731e-01
2.998809999999999854e+04 4.543651000000000217e-01
3.000009999999999854e+04 4.546091999999999911e-01
3.001209999999999854e+04 4.548902000000000223e-01
3.002409999999999854e+04 4.551866999999999996e-01
3.003620000000000073e+04 4.554988999999999844e-01
3.004820000000000073e+04 4.558262000000000147e-01
3.006020000000000073e+04 4.563918000000000141e-01
3.007220000000000073e+04 4.567451000000000150e-01
3.008420000000000073e+04 4.571120000000000183e-01
3.009620000000000073e+04 4.574926000000000270e-01
3.010820000000000073e+04 4.578843000000000218e-01
3.012020000000000073e+04 4.584616000000000247e-01
3.013220000000000073e+04 4.588653999999999789e-01
3.014420000000000073e+04 4.592784999999999784e-01
3.015629999999999927e+04 4.596957999999999878e-01
3.016829999999999927e+04 4.601180999999999743e-01
3.018029999999999927e+04 4.606574999999999975e-01
3.019229999999999927e+04 4.610724999999999962e-01
3.020429999999999927e+04 4.614847000000000254e-01
3.021629999999999927e+04 4.618931000000000009e-01
3.022829999999999927e+04 4.622914000000000190e-01
3.024029999999999927e+04 4.627373000000000181e-01
3.025229999999999927e+04 4.631032999999999955e-01
3.026429999999999927e+04 4.634558999999999762e-01
3.027640000000000146e+04 4.637910000000000088e-01
3.028840000000000146e+04 4.641069999999999918e-01
3.030040000000000146e+04 4.644024999999999959e-01
3.031240000000000146e+04 4.646672000000000025e-01
3.032440000000000146e+04 4.649115999999999804e-01
3.033640000000000146e+04 4.651331000000000215e-01
3.034840000000000146e+04 4.653320000000000234e-01
3.036040000000000146e+04 4.654575000000000240e-01
3.037240000000000146e+04 4.656010999999999900e-01
3.038440000000000146e+04 4.657194000000000056e-01
3.039640000000000146e+04 4.658160000000000078e-01
3.040850000000000000e+04 4.658881999999999746e-01
3.042050000000000000e+04 4.658592999999999762e-01
3.043250000000000000e+04 4.658836000000000088e-01
3.044450000000000000e+04 4.658907999999999938e-01
3.045650000000000000e+04 4.658812999999999982e-01
3.046850000000000000e+04 4.658590000000000231e-01
3.048050000000000000e+04 4.657271000000000050e-01
3.049250000000000000e+04 4.656812000000000173e-01
3.050450000000000000e+04 4.656295999999999768e-01
3.051650000000000000e+04 4.655733000000000232e-01
3.052859999999999854e+04 4.655181999999999931e-01
3.054059999999999854e+04 4.653677999999999981e-01
3.055259999999999854e+04 4.653218000000000076e-01
3.056459999999999854e+04 4.652805999999999886e-01
3.057659999999999854e+04 4.652512999999999788e-01
3.058859999999999854e+04 4.652328000000000019e-01
3.060059999999999854e+04 4.651514999999999955e-01
3.061259999999999854e+04 4.651770000000000072e-01
3.062459999999999854e+04 4.652226999999999890e-01
3.063659999999999854e+04 4.652880999999999823e-01
3.064870000000000073e+04 4.653753999999999946e-01
3.066070000000000073e+04 4.654421000000000253e-01
3.067270000000000073e+04 4.655791000000000235e-01
3.068470000000000073e+04 4.657382999999999940e-01
3.069670000000000073e+04 4.659156999999999882e-01
3.070870000000000073e+04 4.661143999999999843e-01
3.072070000000000073e+04 4.663226999999999789e-01
3.073270000000000073e+04 4.665586999999999929e-01
3.074470000000000073e+04 4.668011000000000243e-01
3.075670000000000073e+04 4.670496000000000092e-01
3.076870000000000073e+04 4.672962999999999978e-01
3.078079999999999927e+04 4.675757999999999859e-01
3.079279999999999927e+04 4.678102000000000094e-01
3.080479999999999927e+04 4.680207000000000117e-01
3.081679999999999927e+04 4.681975999999999916e-01
3.082879999999999927e+04 4.683278000000000163e-01
3.084079999999999927e+04 4.684862000000000193e-01
3.085279999999999927e+04 4.684979000000000227e-01
3.086479999999999927e+04 4.684272999999999909e-01
3.087679999999999927e+04 4.682533999999999863e-01
3.088879999999999927e+04 4.679629000000000150e-01
3.090090000000000146e+04 4.676489999999999814e-01
3.091290000000000146e+04 4.670588999999999991e-01
3.092490000000000146e+04 4.662872000000000128e-01
3.093690000000000146e+04 4.653068000000000204e-01
3.094890000000000146e+04 4.640927000000000247e-01
3.096090000000000146e+04 4.627704000000000262e-01
3.097290000000000146e+04 4.610141999999999851e-01
3.098490000000000146e+04 4.589335999999999971e-01
3.099690000000000146e+04 4.565113000000000087e-01
3.100890000000000146e+04 4.537150999999999823e-01
3.102100000000000000e+04 4.506820000000000270e-01
3.103300000000000000e+04 4.470451999999999759e-01
3.104500000000000000e+04 4.429533999999999971e-01
3.105700000000000000e+04 4.383773000000000253e-01
3.106900000000000000e+04 4.332893999999999912e-01
3.108100000000000000e+04 4.278585999999999778e-01
3.109300000000000000e+04 4.217209000000000096e-01
3.110500000000000000e+04 4.150325999999999738e-01
3.111700000000000000e+04 4.077959999999999918e-01
3.112900000000000000e+04 4.000201999999999924e-01
3.114100000000000000e+04 3.918646000000000074e-01
3.115309999999999854e+04 3.830196000000000156e-01
3.116509999999999854e+04 3.736790999999999863e-01
3.117709999999999854e+04 3.638695000000000124e-01
3.118909999999999854e+04 3.536130000000000106e-01
3.120109999999999854e+04 3.430940000000000101e-01
3.121309999999999854e+04 3.320855999999999808e-01
3.122509999999999854e+04 3.207685000000000120e-01
3.123709999999999854e+04 3.091969999999999996e-01
3.124909999999999854e+04 2.974308999999999981e-01
3.126109999999999854e+04 2.856296999999999864e-01
3.127320000000000073e+04 2.736325000000000007e-01
3.128520000000000073e+04 2.616125999999999729e-01
3.129720000000000073e+04 2.496307000000000109e-01
3.130920000000000073e+04 2.377374999999999905e-01
3.132120000000000073e+04 2.260563999999999907e-01
3.133320000000000073e+04 2.144945000000000046e-01
3.134520000000000073e+04 2.031750999999999974e-01
3.135720000000000073e+04 1.921364000000000127e-01
3.136920000000000073e+04 1.814166000000000112e-01
3.138120000000000073e+04 1.710955000000000115e-01
3.139320000000000073e+04 1.611022000000000010e-01
3.140529999999999927e+04 1.515073999999999865e-01
3.141729999999999927e+04 1.423271000000000119e-01
3.142929999999999927e+04 1.335733000000000059e-01
3.144129999999999927e+04 1.252736000000000127e-01
3.145329999999999927e+04 1.173767000000000005e-01
3.146529999999999927e+04 1.099107000000000001e-01
3.147729999999999927e+04 1.028666000000000025e-01
3.148929999999999927e+04 9.623674000000000117e-02
3.150129999999999927e+04 9.002010000000000567e-02
3.151329999999999927e+04 8.417818000000000522e-02
3.152540000000000146e+04 7.870841000000000642e-02
3.153740000000000146e+04 7.359603000000000672e-02
3.154940000000000146e+04 6.882317999999999769e-02
3.156140000000000146e+04 6.437708999999999793e-02
3.157340000000000146e+04 6.022750000000000326e-02
3.158540000000000146e+04 5.636282000000000098e-02
3.159740000000000146e+04 5.276900000000000340e-02
3.160940000000000146e+04 4.942627000000000131e-02
3.162140000000000146e+04 4.632297999999999971e-02
3.163340000000000146e+04 4.343501999999999780e-02
3.164550000000000000e+04 4.075087000000000154e-02
3.165750000000000000e+04 3.825892000000000182e-02
3.166950000000000000e+04 3.594267999999999769e-02
3.168150000000000000e+04 3.379295999999999689e-02
3.169350000000000000e+04 3.179197999999999746e-02
3.170550000000000000e+04 2.993279999999999899e-02
3.171750000000000000e+04 2.820401999999999978e-02
3.172950000000000000e+04 2.659610000000000099e-02
3.174150000000000000e+04 2.510126000000000024e-02
3.175350000000000000e+04 2.370741000000000168e-02
3.176550000000000000e+04 2.241100999999999857e-02
3.177759999999999854e+04 2.120261999999999841e-02
3.178959999999999854e+04 2.007650999999999880e-02
3.180159999999999854e+04 1.902546999999999919e-02
3.181359999999999854e+04 1.804350999999999872e-02
3.182559999999999854e+04 1.712690999999999866e-02
3.183759999999999854e+04 1.626864999999999908e-02
3.184959999999999854e+04 1.546700999999999979e-02
3.186159999999999854e+04 1.471537000000000019e-02
3.187359999999999854e+04 1.401123999999999946e-02
3.188559999999999854e+04 1.335090000000000061e-02
3.189770000000000073e+04 1.273062999999999972e-02
3.190970000000000073e+04 1.214930000000000003e-02
3.192170000000000073e+04 1.160185000000000036e-02
3.193370000000000073e+04 1.108802000000000051e-02
3.194570000000000073e+04 1.060349000000000014e-02
3.195770000000000073e+04 1.014718000000000044e-02
3.196970000000000073e+04 9.716745000000000590e-03
3.198170000000000073e+04 9.309371999999999786e-03
3.199370000000000073e+04 8.924829999999999916e-03
3.200570000000000073e+04 8.558405999999999306e-03
3.201779999999999927e+04 8.211414999999999687e-03
3.202979999999999927e+04 7.881241000000000635e-03
3.204179999999999927e+04 7.567126999999999881e-03
3.205379999999999927e+04 7.268491999999999661e-03
3.206579999999999927e+04 6.982737999999999619e-03
3.207779999999999927e+04 6.711316000000000156e-03
3.208979999999999927e+04 6.451430999999999659e-03
3.210179999999999927e+04 6.204132000000000223e-03
3.211379999999999927e+04 5.967029999999999904e-03
3.212579999999999927e+04 5.739072999999999918e-03
3.213779999999999927e+04 5.521566999999999795e-03
3.214990000000000146e+04 5.311556999999999737e-03
3.216190000000000146e+04 5.110430000000000007e-03
3.217390000000000146e+04 4.915662000000000330e-03
3.218590000000000146e+04 4.727564000000000072e-03
3.219790000000000146e+04 4.546467999999999690e-03
3.220990000000000146e+04 4.371204000000000062e-03
3.222190000000000146e+04 4.202952000000000250e-03
3.223390000000000146e+04 4.038968999999999893e-03
3.224590000000000146e+04 3.880780999999999814e-03
3.225790000000000146e+04 3.727518999999999885e-03
3.227000000000000000e+04 3.578974999999999865e-03
3.228200000000000000e+04 3.435566000000000141e-03
3.229400000000000000e+04 3.295423999999999923e-03
3.230600000000000000e+04 3.160551000000000159e-03
3.231800000000000000e+04 3.028995999999999945e-03
3.233000000000000000e+04 2.901213000000000142e-03
3.234200000000000000e+04 2.777869999999999992e-03
3.235400000000000000e+04 2.657342999999999945e-03
3.236600000000000000e+04 2.541516000000000174e-03
3.237800000000000000e+04 2.428582999999999784e-03
3.239009999999999854e+04 2.319349000000000063e-03
3.240209999999999854e+04 2.213521999999999886e-03
3.241409999999999854e+04 2.110813000000000012e-03
3.242609999999999854e+04 2.012378999999999904e-03
3.243809999999999854e+04 1.916144000000000050e-03
3.245009999999999854e+04 1.824057000000000022e-03
3.246209999999999854e+04 1.735516000000000099e-03
3.247409999999999854e+04 1.650250999999999931e-03
3.248609999999999854e+04 1.568741999999999923e-03
3.249809999999999854e+04 1.489372000000000092e-03
3.251009999999999854e+04 1.413617000000000042e-03
3.252220000000000073e+04 1.340409000000000088e-03
3.253420000000000073e+04 1.270592000000000076e-03
3.254620000000000073e+04 1.204020000000000090e-03
3.255820000000000073e+04 1.139320000000000090e-03
3.257020000000000073e+04 1.078135000000000031e-03
3.258220000000000073e+04 1.019252999999999913e-03
3.259420000000000073e+04 9.633172999999999866e-04
3.260620000000000073e+04 9.100828000000000476e-04
3.261820000000000073e+04 8.591073000000000069e-04
3.263020000000000073e+04 8.112854000000000506e-04
3.264229999999999927e+04 7.647249000000000277e-04
3.265429999999999927e+04 7.205402000000000508e-04
3.266629999999999927e+04 6.784732999999999606e-04
3.267829999999999927e+04 6.381040000000000149e-04
3.269029999999999927e+04 6.006126999999999560e-04
3.270229999999999927e+04 5.646158999999999553e-04
3.271429999999999927e+04 5.309340000000000500e-04
3.272629999999999927e+04 4.988298999999999858e-04
3.273829999999999927e+04 4.683112000000000234e-04
3.275029999999999927e+04 4.403761999999999868e-04
3.276240000000000146e+04 4.134300999999999840e-04
3.277440000000000146e+04 3.889273000000000057e-04
3.278640000000000146e+04 3.658323999999999908e-04
3.279840000000000146e+04 3.434649000000000122e-04
3.281040000000000146e+04 3.231727999999999901e-04
3.282240000000000146e+04 3.035310000000000048e-04
3.283440000000000146e+04 2.855725999999999837e-04
3.284640000000000146e+04 2.683742999999999827e-04
3.285840000000000146e+04 2.523046999999999833e-04
3.287040000000000146e+04 2.380843000000000000e-04
3.288240000000000146e+04 2.240285999999999916e-04
3.289450000000000000e+04 2.115859999999999898e-04
3.290650000000000000e+04 1.996788999999999899e-04
3.291850000000000000e+04 1.885567000000000102e-04
3.293050000000000000e+04 1.787424999999999984e-04
3.294250000000000000e+04 1.689076000000000021e-04
3.295450000000000000e+04 1.600612999999999916e-04
3.296650000000000000e+04 1.513279999999999985e-04
3.297850000000000000e+04 1.430287000000000084e-04
3.299050000000000000e+04 1.357151999999999979e-04
3.300250000000000000e+04 1.281645000000000093e-04
3.301459999999999854e+04 1.213658000000000027e-04
3.302659999999999854e+04 1.148745000000000061e-04
3.303859999999999854e+04 1.087413000000000019e-04
3.305059999999999854e+04 1.036671000000000023e-04
3.306259999999999854e+04 9.844926999999999736e-05
3.307459999999999854e+04 9.392246000000000470e-05
3.308659999999999854e+04 8.965614999999999371e-05
3.309859999999999854e+04 8.560519000000000429e-05
3.311059999999999854e+04 8.231774000000000242e-05
3.312259999999999854e+04 7.886047000000000629e-05
3.313469999999999709e+04 7.602081999999999698e-05
3.314669999999999709e+04 7.336445000000000195e-05
3.315869999999999709e+04 7.072385999999999950e-05
3.317069999999999709e+04 6.898345000000000442e-05
3.318269999999999709e+04 6.690101000000000272e-05
3.319469999999999709e+04 6.499839000000000365e-05
3.320669999999999709e+04 6.313171999999999870e-05
3.321869999999999709e+04 6.133613000000000595e-05
3.323069999999999709e+04 6.046885000000000297e-05
3.324269999999999709e+04 5.911486000000000274e-05
3.325469999999999709e+04 5.744529999999999699e-05
3.326680000000000291e+04 5.596432999999999752e-05
3.327880000000000291e+04 5.464562999999999945e-05
3.329080000000000291e+04 5.386967000000000155e-05
3.330280000000000291e+04 5.297950000000000326e-05
3.331480000000000291e+04 5.154711000000000053e-05
3.332680000000000291e+04 5.018076999999999694e-05
3.333880000000000291e+04 4.851997000000000091e-05
3.335080000000000291e+04 4.723762999999999855e-05
3.336280000000000291e+04 4.560715000000000260e-05
3.337480000000000291e+04 4.388212999999999993e-05
3.338690000000000146e+04 4.246515999999999849e-05
3.339890000000000146e+04 4.102638999999999668e-05
3.341090000000000146e+04 4.031144999999999840e-05
3.342290000000000146e+04 3.957001999999999693e-05
3.343490000000000146e+04 3.843220000000000110e-05
3.344690000000000146e+04 3.766420999999999832e-05
3.345890000000000146e+04 3.692865000000000091e-05
3.347090000000000146e+04 3.613095000000000006e-05
3.348290000000000146e+04 3.529288000000000081e-05
3.349490000000000146e+04 3.425425999999999889e-05
3.350690000000000146e+04 3.353923000000000109e-05
3.351900000000000000e+04 3.285356999999999790e-05
3.353100000000000000e+04 3.237080999999999916e-05
3.354300000000000000e+04 3.203748999999999876e-05
3.355500000000000000e+04 3.148774000000000288e-05
3.356700000000000000e+04 3.101720999999999911e-05
3.357900000000000000e+04 3.051543000000000135e-05
3.359100000000000000e+04 2.987607999999999873e-05
3.360300000000000000e+04 2.940289999999999931e-05
3.361500000000000000e+04 2.887871999999999987e-05
3.362700000000000000e+04 2.854073999999999874e-05
3.363909999999999854e+04 2.836694000000000051e-05
3.365109999999999854e+04 2.812734000000000030e-05
3.366309999999999854e+04 2.817371999999999899e-05
3.367509999999999854e+04 2.850056000000000009e-05
3.368709999999999854e+04 2.878604999999999860e-05
3.369909999999999854e+04 2.898712000000000039e-05
3.371109999999999854e+04 2.878997999999999909e-05
3.372309999999999854e+04 2.856236000000000007e-05
3.373509999999999854e+04 2.843429999999999981e-05
3.374709999999999854e+04 2.842483000000000141e-05
3.375919999999999709e+04 2.850934000000000104e-05
3.377119999999999709e+04 2.851424999999999893e-05
3.378319999999999709e+04 2.851914999999999951e-05
3.379519999999999709e+04 2.898326000000000141e-05
3.380719999999999709e+04 2.963234000000000029e-05
3.381919999999999709e+04 3.019694000000000162e-05
3.383119999999999709e+04 3.054297000000000007e-05
3.384319999999999709e+04 3.054101999999999918e-05
3.385519999999999709e+04 3.062806999999999693e-05
3.386719999999999709e+04 3.079461999999999960e-05
3.387919999999999709e+04 3.105727999999999684e-05
3.389130000000000291e+04 3.122463000000000126e-05
3.390330000000000291e+04 3.102222999999999792e-05
3.391530000000000291e+04 3.086626999999999747e-05
3.392730000000000291e+04 3.135707000000000300e-05
3.393930000000000291e+04 3.205277999999999773e-05
3.395130000000000291e+04 3.275183000000000250e-05
3.396330000000000291e+04 3.341089000000000157e-05
3.397530000000000291e+04 3.424427999999999869e-05
3.398730000000000291e+04 3.524255999999999754e-05
3.399930000000000291e+04 3.651526999999999708e-05
3.401140000000000146e+04 3.791018000000000030e-05
3.402340000000000146e+04 3.882931999999999909e-05
3.403540000000000146e+04 3.957243000000000289e-05
3.404740000000000146e+04 4.033449999999999812e-05
3.405940000000000146e+04 4.104631000000000105e-05
3.407140000000000146e+04 4.154526000000000074e-05
3.408340000000000146e+04 4.224331999999999724e-05
3.409540000000000146e+04 4.330105000000000108e-05
3.410740000000000146e+04 4.434374000000000312e-05
3.411940000000000146e+04 4.592199999999999841e-05
3.413150000000000000e+04 4.784880000000000172e-05
3.414350000000000000e+04 4.934589999999999794e-05
3.415550000000000000e+04 5.046838999999999877e-05
3.416750000000000000e+04 5.161905999999999905e-05
3.417950000000000000e+04 5.255160000000000012e-05
3.419150000000000000e+04 5.358570999999999826e-05
3.420350000000000000e+04 5.453586999999999866e-05
3.421550000000000000e+04 5.490099000000000102e-05
3.422750000000000000e+04 5.517049000000000242e-05
3.423950000000000000e+04 5.586376000000000265e-05
3.425150000000000000e+04 5.724545000000000263e-05
3.426359999999999854e+04 5.831918000000000090e-05
3.427559999999999854e+04 5.859090000000000175e-05
3.428759999999999854e+04 5.856004999999999848e-05
3.429959999999999854e+04 5.848271000000000236e-05
3.431159999999999854e+04 5.911624999999999833e-05
3.432359999999999854e+04 6.022637000000000118e-05
3.433559999999999854e+04 6.057241999999999764e-05
3.434759999999999854e+04 6.048443000000000189e-05
3.435959999999999854e+04 6.089099999999999689e-05
3.437159999999999854e+04 6.134637000000000401e-05
3.438369999999999709e+04 6.191350999999999669e-05
3.439569999999999709e+04 6.256380000000000567e-05
3.440769999999999709e+04 6.240305999999999609e-05
3.441969999999999709e+04 6.234032999999999881e-05
3.443169999999999709e+04 6.276632999999999778e-05
3.444369999999999709e+04 6.337533000000000500e-05
3.445569999999999709e+04 6.385946000000000471e-05
3.446769999999999709e+04 6.409611999999999916e-05
3.447969999999999709e+04 6.480641000000000418e-05
3.449169999999999709e+04 6.565485999999999772e-05
3.450380000000000291e+04 6.592035000000000321e-05
3.451580000000000291e+04 6.621634000000000103e-05
3.452780000000000291e+04 6.575755999999999930e-05
3.453980000000000291e+04 6.478010999999999394e-05
3.455180000000000291e+04 6.452634999999999588e-05
3.456380000000000291e+04 6.416888999999999406e-05
3.457580000000000291e+04 6.327461999999999356e-05
3.458780000000000291e+04 6.264077999999999693e-05
3.459980000000000291e+04 6.200162999999999475e-05
3.461180000000000291e+04 6.151029000000000566e-05
3.462380000000000291e+04 6.186901000000000076e-05
3.463590000000000146e+04 6.204639999999999602e-05
3.464790000000000146e+04 6.255400999999999843e-05
3.465990000000000146e+04 6.337844000000000572e-05
3.467190000000000146e+04 6.368570000000000589e-05
3.468390000000000146e+04 6.395300000000000247e-05
3.469590000000000146e+04 6.398137999999999558e-05
3.470790000000000146e+04 6.367378999999999943e-05
3.471990000000000146e+04 6.349397999999999750e-05
3.473190000000000146e+04 6.307961999999999966e-05
3.474390000000000146e+04 6.215817999999999582e-05
3.475600000000000000e+04 6.104695999999999734e-05
3.476800000000000000e+04 5.958716000000000159e-05
3.478000000000000000e+04 5.847495000000000161e-05
3.479200000000000000e+04 5.773817000000000017e-05
3.480400000000000000e+04 5.669284999999999711e-05
3.481600000000000000e+04 5.610505000000000250e-05
3.482800000000000000e+04 5.552790000000000075e-05
3.484000000000000000e+04 5.502849999999999669e-05
3.485200000000000000e+04 5.532559999999999762e-05
3.486400000000000000e+04 5.501981999999999934e-05
3.487609999999999854e+04 5.424197999999999867e-05
3.488809999999999854e+04 5.381819999999999914e-05
3.490009999999999854e+04 5.271511000000000019e-05
3.491209999999999854e+04 5.188705000000000324e-05
3.492409999999999854e+04 5.175722000000000113e-05
3.493609999999999854e+04 5.076329000000000166e-05
3.494809999999999854e+04 5.014402000000000106e-05
3.496009999999999854e+04 5.050862000000000092e-05
3.497209999999999854e+04 5.053085999999999819e-05
3.498409999999999854e+04 5.111484999999999732e-05
3.499609999999999854e+04 5.166701999999999986e-05
3.500819999999999709e+04 5.079265000000000234e-05
3.502019999999999709e+04 5.030173000000000196e-05
3.503219999999999709e+04 5.009238000000000032e-05
3.504419999999999709e+04 4.913908999999999779e-05
3.505619999999999709e+04 4.889890000000000035e-05
3.506819999999999709e+04 4.860856999999999868e-05
3.508019999999999709e+04 4.820274000000000124e-05
3.509219999999999709e+04 0.000000000000000000e+00
