2.990279999999999927e+04 0.000000000000000000e+00
2.991629999999999927e+04 1.143870999999999945e-04
2.992979999999999927e+04 1.232061000000000061e-04
2.994329999999999927e+04 1.327466999999999872e-04
2.995679999999999927e+04 1.422367000000000065e-04
2.997029999999999927e+04 1.519903999999999873e-04
2.998379999999999927e+04 1.629698000000000062e-04
2.999729999999999927e+04 1.746979000000000067e-04
3.001090000000000146e+04 1.875311999999999910e-04
3.002440000000000146e+04 2.010814999999999890e-04
3.003790000000000146e+04 2.151022999999999954e-04
3.005140000000000146e+04 2.298900999999999896e-04
3.006490000000000146e+04 2.461411999999999736e-04
3.007840000000000146e+04 2.640240999999999985e-04
3.009190000000000146e+04 2.829385999999999815e-04
3.010540000000000146e+04 3.026125999999999968e-04
3.011890000000000146e+04 3.236560999999999995e-04
3.013250000000000000e+04 3.463765000000000268e-04
3.014600000000000000e+04 3.706515999999999869e-04
3.015950000000000000e+04 3.971911000000000061e-04
3.017300000000000000e+04 4.247866000000000098e-04
3.018650000000000000e+04 4.539721000000000034e-04
3.020000000000000000e+04 4.851410000000000227e-04
3.021350000000000000e+04 5.185963999999999938e-04
3.022700000000000000e+04 5.538627000000000394e-04
3.024059999999999854e+04 5.916461999999999936e-04
3.025409999999999854e+04 6.320270999999999919e-04
3.026759999999999854e+04 6.744007999999999687e-04
3.028109999999999854e+04 7.201918999999999986e-04
3.029459999999999854e+04 7.701100999999999910e-04
3.030809999999999854e+04 8.234081000000000082e-04
3.032159999999999854e+04 8.802257000000000180e-04
3.033509999999999854e+04 9.415523000000000078e-04
3.034870000000000073e+04 1.007237999999999927e-03
3.036220000000000073e+04 1.077529000000000030e-03
3.037570000000000073e+04 1.153802999999999903e-03
3.038920000000000073e+04 1.236211000000000081e-03
3.040270000000000073e+04 1.324616999999999939e-03
3.041620000000000073e+04 1.420550999999999932e-03
3.042970000000000073e+04 1.524167000000000100e-03
3.044320000000000073e+04 1.636513000000000030e-03
3.045679999999999927e+04 1.758395000000000053e-03
3.047029999999999927e+04 1.890296000000000077e-03
3.048379999999999927e+04 2.033343999999999863e-03
3.049729999999999927e+04 2.188617999999999814e-03
3.051079999999999927e+04 2.355991999999999895e-03
3.052429999999999927e+04 2.538573000000000131e-03
3.053779999999999927e+04 2.737207000000000182e-03
3.055129999999999927e+04 2.952746000000000016e-03
3.056490000000000146e+04 3.188280999999999841e-03
3.057840000000000146e+04 3.444753000000000051e-03
3.059190000000000146e+04 3.723672999999999827e-03
3.060540000000000146e+04 4.028420999999999912e-03
3.061890000000000146e+04 4.360867000000000042e-03
3.063240000000000146e+04 4.722963999999999635e-03
3.064590000000000146e+04 5.118939000000000301e-03
3.065940000000000146e+04 5.550700999999999899e-03
3.067300000000000000e+04 6.021943000000000087e-03
3.068650000000000000e+04 6.537860000000000373e-03
3.070000000000000000e+04 7.101912000000000155e-03
3.071350000000000000e+04 7.718698000000000399e-03
3.072700000000000000e+04 8.394510000000000860e-03
3.074050000000000000e+04 9.134114999999999943e-03
3.075400000000000000e+04 9.943719999999999642e-03
3.076750000000000000e+04 1.082951000000000052e-02
3.078109999999999854e+04 1.180046000000000046e-02
3.079459999999999854e+04 1.286236999999999971e-02
3.080809999999999854e+04 1.402454000000000027e-02
3.082159999999999854e+04 1.529793999999999946e-02
3.083509999999999854e+04 1.668905000000000041e-02
3.084859999999999854e+04 1.821052999999999908e-02
3.086209999999999854e+04 1.987823000000000020e-02
3.087559999999999854e+04 2.169661999999999979e-02
3.088920000000000073e+04 2.368158999999999889e-02
3.090270000000000073e+04 2.585437000000000152e-02
3.091620000000000073e+04 2.821836999999999956e-02
3.092970000000000073e+04 3.079501000000000113e-02
3.094320000000000073e+04 3.361046000000000172e-02
3.095670000000000073e+04 3.666268000000000304e-02
3.097020000000000073e+04 3.999248999999999860e-02
3.098370000000000073e+04 4.359509999999999774e-02
3.099720000000000073e+04 4.750131999999999965e-02
3.101079999999999927e+04 5.174924999999999664e-02
3.102429999999999927e+04 5.632200999999999874e-02
3.103779999999999927e+04 6.125697000000000086e-02
3.105129999999999927e+04 6.660133000000000025e-02
3.106479999999999927e+04 7.232284999999999409e-02
3.107829999999999927e+04 7.846429000000000598e-02
3.109179999999999927e+04 8.507491000000000358e-02
3.110529999999999927e+04 9.210424999999999862e-02
3.111890000000000146e+04 9.959701999999999444e-02
3.113240000000000146e+04 1.076055000000000067e-01
3.114590000000000146e+04 1.160510000000000014e-01
3.115940000000000146e+04 1.249699999999999978e-01
3.117290000000000146e+04 1.344173999999999924e-01
3.118640000000000146e+04 1.442701999999999873e-01
3.119990000000000146e+04 1.545690999999999871e-01
3.121340000000000146e+04 1.653494000000000075e-01
3.122700000000000000e+04 1.764602999999999866e-01
3.124050000000000000e+04 1.879963000000000051e-01
3.125400000000000000e+04 1.997761999999999871e-01
3.126750000000000000e+04 2.118268000000000095e-01
3.128100000000000000e+04 2.241640000000000021e-01
3.129450000000000000e+04 2.365942000000000045e-01
3.130800000000000000e+04 2.491234999999999977e-01
3.132150000000000000e+04 2.617796000000000012e-01
3.133509999999999854e+04 2.743366999999999889e-01
3.134859999999999854e+04 2.868067000000000255e-01
3.136209999999999854e+04 2.992209000000000119e-01
3.137559999999999854e+04 3.113293999999999784e-01
3.138909999999999854e+04 3.231706999999999774e-01
3.140259999999999854e+04 3.347489000000000159e-01
3.141609999999999854e+04 3.458566000000000140e-01
3.142959999999999854e+04 3.565190999999999777e-01
3.144320000000000073e+04 3.667533000000000043e-01
3.145670000000000073e+04 3.763784000000000018e-01
3.147020000000000073e+04 3.854870000000000241e-01
3.148370000000000073e+04 3.939355999999999969e-01
3.149720000000000073e+04 4.017681000000000169e-01
3.151070000000000073e+04 4.090357000000000021e-01
3.152420000000000073e+04 4.156235999999999819e-01
3.153770000000000073e+04 4.215896000000000088e-01
3.155129999999999927e+04 4.270145000000000191e-01
3.156479999999999927e+04 4.318153000000000130e-01
3.157829999999999927e+04 4.360793000000000030e-01
3.159179999999999927e+04 4.398792999999999731e-01
3.160529999999999927e+04 4.431678000000000006e-01
3.161879999999999927e+04 4.460332000000000185e-01
3.163229999999999927e+04 4.485391000000000239e-01
3.164579999999999927e+04 4.506775000000000087e-01
3.165940000000000146e+04 4.525121999999999756e-01
3.167290000000000146e+04 4.541067999999999771e-01
3.168640000000000146e+04 4.554500000000000215e-01
3.169990000000000146e+04 4.565953999999999846e-01
3.171340000000000146e+04 4.575868000000000158e-01
3.172690000000000146e+04 4.584261000000000030e-01
3.174040000000000146e+04 4.591585000000000250e-01
3.175390000000000146e+04 4.597917999999999727e-01
3.176750000000000000e+04 4.603491000000000111e-01
3.178100000000000000e+04 4.608561999999999936e-01
3.179450000000000000e+04 4.613130999999999760e-01
3.180800000000000000e+04 4.617415000000000269e-01
3.182150000000000000e+04 4.621479000000000004e-01
3.183500000000000000e+04 4.625327000000000188e-01
3.184850000000000000e+04 4.629027000000000003e-01
3.186200000000000000e+04 4.632697000000000065e-01
3.187550000000000000e+04 4.636298999999999837e-01
3.188909999999999854e+04 4.639840000000000075e-01
3.190259999999999854e+04 4.643343999999999805e-01
3.191609999999999854e+04 4.646778999999999771e-01
3.192959999999999854e+04 4.650235999999999814e-01
3.194309999999999854e+04 4.653726000000000251e-01
3.195659999999999854e+04 4.657169999999999921e-01
3.197009999999999854e+04 4.660601999999999800e-01
3.198359999999999854e+04 4.663978999999999764e-01
3.199720000000000073e+04 4.667318999999999773e-01
3.201070000000000073e+04 4.670704999999999996e-01
3.202420000000000073e+04 4.673973000000000155e-01
3.203770000000000073e+04 4.677196000000000131e-01
3.205120000000000073e+04 4.680356999999999990e-01
3.206470000000000073e+04 4.683447000000000027e-01
3.207820000000000073e+04 4.686425000000000174e-01
3.209170000000000073e+04 4.689343000000000261e-01
3.210529999999999927e+04 4.692165999999999837e-01
3.211879999999999927e+04 4.694966999999999890e-01
3.213229999999999927e+04 4.697686999999999835e-01
3.214579999999999927e+04 4.700390999999999875e-01
3.215929999999999927e+04 4.703042000000000056e-01
3.217279999999999927e+04 4.705619999999999803e-01
3.218629999999999927e+04 4.708308999999999966e-01
3.219979999999999927e+04 4.711009999999999920e-01
3.221340000000000146e+04 4.713602000000000070e-01
3.222690000000000146e+04 4.716274999999999773e-01
3.224040000000000146e+04 4.718795000000000073e-01
3.225390000000000146e+04 4.721504999999999730e-01
3.226740000000000146e+04 4.724291999999999936e-01
3.228090000000000146e+04 4.726795999999999776e-01
3.229440000000000146e+04 4.729582999999999982e-01
3.230790000000000146e+04 4.732362999999999986e-01
3.232150000000000000e+04 4.734867999999999855e-01
3.233500000000000000e+04 4.737747999999999959e-01
3.234850000000000000e+04 4.740697999999999857e-01
3.236200000000000000e+04 4.743236000000000119e-01
3.237550000000000000e+04 4.746241999999999961e-01
3.238900000000000000e+04 4.749321000000000237e-01
3.240250000000000000e+04 4.751939000000000024e-01
3.241600000000000000e+04 4.755128000000000132e-01
3.242959999999999854e+04 4.758319999999999772e-01
3.244309999999999854e+04 4.760968999999999896e-01
3.245659999999999854e+04 4.764145000000000185e-01
3.247009999999999854e+04 4.766699999999999826e-01
3.248359999999999854e+04 4.769808999999999855e-01
3.249709999999999854e+04 4.772933999999999788e-01
3.251059999999999854e+04 4.775327999999999795e-01
3.252409999999999854e+04 4.778377999999999792e-01
3.253770000000000073e+04 4.781393999999999922e-01
3.255120000000000073e+04 4.783691999999999944e-01
3.256470000000000073e+04 4.786732000000000209e-01
3.257820000000000073e+04 4.789765999999999746e-01
3.259170000000000073e+04 4.792087999999999903e-01
3.260520000000000073e+04 4.795073999999999725e-01
3.261870000000000073e+04 4.798030999999999824e-01
3.263220000000000073e+04 4.800192999999999821e-01
3.264579999999999927e+04 4.803101000000000176e-01
3.265929999999999927e+04 4.805938000000000154e-01
3.267279999999999927e+04 4.808096000000000037e-01
3.268629999999999927e+04 4.810919000000000167e-01
3.269979999999999927e+04 4.813716000000000106e-01
3.271329999999999927e+04 4.815891999999999951e-01
3.272679999999999927e+04 4.818738000000000188e-01
3.274029999999999927e+04 4.821071000000000106e-01
3.275390000000000146e+04 4.823963000000000001e-01
3.276740000000000146e+04 4.826892999999999878e-01
3.278090000000000146e+04 4.829339000000000270e-01
3.279440000000000146e+04 4.832331000000000265e-01
3.280790000000000146e+04 4.835344999999999782e-01
3.282140000000000146e+04 4.838122000000000256e-01
3.283490000000000146e+04 4.841257999999999950e-01
3.284840000000000146e+04 4.844430000000000125e-01
3.286190000000000146e+04 4.847496000000000027e-01
3.287550000000000000e+04 4.850817000000000045e-01
3.288900000000000000e+04 4.854254000000000069e-01
3.290250000000000000e+04 4.857753000000000210e-01
3.291600000000000000e+04 4.861392999999999964e-01
3.292950000000000000e+04 4.865067000000000141e-01
3.294300000000000000e+04 4.869073999999999902e-01
3.295650000000000000e+04 4.872977000000000003e-01
3.297000000000000000e+04 4.877306000000000141e-01
3.298359999999999854e+04 4.881369999999999876e-01
3.299709999999999854e+04 4.885477999999999765e-01
3.301059999999999854e+04 4.890218000000000065e-01
3.302409999999999854e+04 4.894470000000000209e-01
3.303759999999999854e+04 4.898805999999999994e-01
3.305109999999999854e+04 4.903901999999999983e-01
3.306459999999999854e+04 4.908387000000000167e-01
3.307809999999999854e+04 4.912925000000000209e-01
3.309169999999999709e+04 4.918517000000000028e-01
3.310519999999999709e+04 4.923240999999999867e-01
3.311869999999999709e+04 4.928000000000000158e-01
3.313219999999999709e+04 4.933983000000000119e-01
3.314569999999999709e+04 4.938863000000000003e-01
3.315919999999999709e+04 4.943775999999999726e-01
3.317269999999999709e+04 4.949957999999999858e-01
3.318619999999999709e+04 4.954842999999999886e-01
3.319980000000000291e+04 4.959658000000000122e-01
3.321330000000000291e+04 4.965954000000000201e-01
3.322680000000000291e+04 4.970743000000000245e-01
3.324030000000000291e+04 4.977075999999999723e-01
3.325380000000000291e+04 4.981789999999999830e-01
3.326730000000000291e+04 4.986414000000000124e-01
3.328080000000000291e+04 4.992766000000000148e-01
3.329430000000000291e+04 4.997328999999999799e-01
3.330790000000000146e+04 5.001889000000000474e-01
3.332140000000000146e+04 5.007949999999999902e-01
3.333490000000000146e+04 5.012248999999999732e-01
3.334840000000000146e+04 5.016481999999999886e-01
3.336190000000000146e+04 5.022442999999999769e-01
3.337540000000000146e+04 5.026602000000000015e-01
3.338890000000000146e+04 5.030656000000000017e-01
3.340240000000000146e+04 5.036528000000000116e-01
3.341600000000000000e+04 5.040449000000000179e-01
3.342950000000000000e+04 5.044330000000000203e-01
3.344300000000000000e+04 5.050035000000000496e-01
3.345650000000000000e+04 5.053794999999999815e-01
3.347000000000000000e+04 5.059390999999999750e-01
3.348350000000000000e+04 5.063005999999999895e-01
3.349700000000000000e+04 5.066635999999999918e-01
3.351050000000000000e+04 5.072069000000000161e-01
3.352409999999999854e+04 5.075610999999999873e-01
3.353759999999999854e+04 5.079097000000000195e-01
3.355109999999999854e+04 5.084372000000000336e-01
3.356459999999999854e+04 5.087806000000000273e-01
3.357809999999999854e+04 5.091217000000000104e-01
3.359159999999999854e+04 5.096408999999999523e-01
3.360509999999999854e+04 5.099755000000000260e-01
3.361859999999999854e+04 5.103124999999999467e-01
3.363219999999999709e+04 5.108162000000000535e-01
3.364569999999999709e+04 5.111512999999999751e-01
3.365919999999999709e+04 5.114895999999999887e-01
3.367269999999999709e+04 5.119854999999999823e-01
3.368619999999999709e+04 5.123254999999999892e-01
3.369969999999999709e+04 5.126665999999999723e-01
3.371319999999999709e+04 5.131634000000000473e-01
3.372669999999999709e+04 5.135119000000000211e-01
3.374019999999999709e+04 5.140033999999999992e-01
3.375380000000000291e+04 5.143579999999999819e-01
3.376730000000000291e+04 5.147137999999999991e-01
3.378080000000000291e+04 5.152048000000000183e-01
3.379430000000000291e+04 5.155691999999999497e-01
3.380780000000000291e+04 5.159424999999999706e-01
3.382130000000000291e+04 5.164341999999999544e-01
3.383480000000000291e+04 5.168137999999999899e-01
3.384830000000000291e+04 5.171982999999999997e-01
3.386190000000000146e+04 5.176861000000000379e-01
3.387540000000000146e+04 5.180755000000000221e-01
3.388890000000000146e+04 5.184613000000000138e-01
3.390240000000000146e+04 5.189375999999999989e-01
3.391590000000000146e+04 5.193145000000000122e-01
3.392940000000000146e+04 5.196851999999999583e-01
3.394290000000000146e+04 5.201318999999999804e-01
3.395640000000000146e+04 5.204855000000000453e-01
3.397000000000000000e+04 5.208355000000000068e-01
3.398350000000000000e+04 5.212461000000000455e-01
3.399700000000000000e+04 5.215767999999999516e-01
3.401050000000000000e+04 5.219667999999999530e-01
3.402400000000000000e+04 5.222816999999999599e-01
3.403750000000000000e+04 5.225931999999999800e-01
3.405100000000000000e+04 5.229565000000000463e-01
3.406450000000000000e+04 5.232577000000000478e-01
3.407809999999999854e+04 5.235507999999999829e-01
3.409159999999999854e+04 5.238926000000000416e-01
3.410509999999999854e+04 5.241734000000000115e-01
3.411859999999999854e+04 5.244451999999999448e-01
3.413209999999999854e+04 5.247640999999999556e-01
3.414559999999999854e+04 5.250213999999999714e-01
3.415909999999999854e+04 5.252746999999999833e-01
3.417259999999999854e+04 5.255714000000000219e-01
3.418619999999999709e+04 5.258114999999999872e-01
3.419969999999999709e+04 5.260479000000000127e-01
3.421319999999999709e+04 5.263265999999999778e-01
3.422669999999999709e+04 5.265535000000000077e-01
3.424019999999999709e+04 5.268249999999999877e-01
3.425369999999999709e+04 5.270434999999999981e-01
3.426719999999999709e+04 5.272615999999999969e-01
3.428069999999999709e+04 5.275320999999999483e-01
3.429430000000000291e+04 5.277532000000000334e-01
3.430780000000000291e+04 5.279690999999999690e-01
3.432130000000000291e+04 5.282371000000000150e-01
3.433480000000000291e+04 5.284370999999999929e-01
3.434830000000000291e+04 5.286275999999999753e-01
3.436180000000000291e+04 5.288756000000000013e-01
3.437530000000000291e+04 5.290515999999999552e-01
3.438880000000000291e+04 5.292227000000000459e-01
3.440240000000000146e+04 5.294539999999999802e-01
3.441590000000000146e+04 5.296168999999999460e-01
3.442940000000000146e+04 5.297828999999999455e-01
3.444290000000000146e+04 5.300249999999999684e-01
3.445640000000000146e+04 5.302025999999999684e-01
3.446990000000000146e+04 5.303814000000000028e-01
3.448340000000000146e+04 5.306427000000000227e-01
3.449690000000000146e+04 5.308266000000000373e-01
3.451050000000000000e+04 5.310941999999999608e-01
3.452400000000000000e+04 5.312843000000000426e-01
3.453750000000000000e+04 5.314758000000000537e-01
3.455100000000000000e+04 5.317633000000000498e-01
3.456450000000000000e+04 5.319648000000000154e-01
3.457800000000000000e+04 5.321675999999999629e-01
3.459150000000000000e+04 5.324710999999999750e-01
3.460500000000000000e+04 5.326807999999999543e-01
3.461850000000000000e+04 5.328945999999999961e-01
3.463209999999999854e+04 5.332101000000000202e-01
3.464559999999999854e+04 5.334288000000000363e-01
3.465909999999999854e+04 5.336509000000000391e-01
3.467259999999999854e+04 5.339758999999999478e-01
3.468609999999999854e+04 5.342017999999999489e-01
3.469959999999999854e+04 5.344282000000000199e-01
3.471309999999999854e+04 5.347623999999999711e-01
3.472659999999999854e+04 5.349941000000000280e-01
3.474019999999999709e+04 5.353333000000000119e-01
3.475369999999999709e+04 5.355714999999999781e-01
3.476719999999999709e+04 5.358129999999999837e-01
3.478069999999999709e+04 5.361650999999999501e-01
3.479419999999999709e+04 5.364132000000000344e-01
3.480769999999999709e+04 5.366621000000000308e-01
3.482119999999999709e+04 5.370219000000000520e-01
3.483469999999999709e+04 5.372738000000000236e-01
3.484830000000000291e+04 5.375246999999999664e-01
3.486180000000000291e+04 5.378802000000000305e-01
3.487530000000000291e+04 5.381255999999999817e-01
3.488880000000000291e+04 5.383710999999999913e-01
3.490230000000000291e+04 5.387153000000000080e-01
3.491580000000000291e+04 5.389542000000000499e-01
3.492930000000000291e+04 5.391917000000000515e-01
3.494280000000000291e+04 5.395227999999999691e-01
3.495640000000000146e+04 5.397537000000000029e-01
3.496990000000000146e+04 5.399802000000000213e-01
3.498340000000000146e+04 5.402974000000000387e-01
3.499690000000000146e+04 5.405216999999999938e-01
3.501040000000000146e+04 5.408378999999999825e-01
3.502390000000000146e+04 5.410656000000000354e-01
3.503740000000000146e+04 5.412903000000000020e-01
3.505090000000000146e+04 5.415974999999999540e-01
3.506450000000000000e+04 5.418161999999999701e-01
3.507800000000000000e+04 5.420319999999999583e-01
3.509150000000000000e+04 5.423284000000000438e-01
3.510500000000000000e+04 5.425480000000000302e-01
3.511850000000000000e+04 5.427682000000000340e-01
3.513200000000000000e+04 5.430547000000000013e-01
3.514550000000000000e+04 5.432595999999999536e-01
3.515900000000000000e+04 5.434613000000000360e-01
3.517259999999999854e+04 5.437237000000000320e-01
3.518609999999999854e+04 5.439188000000000356e-01
3.519959999999999854e+04 5.441082000000000418e-01
3.521309999999999854e+04 5.443394999999999762e-01
3.522659999999999854e+04 5.445052000000000225e-01
3.524009999999999854e+04 5.447187999999999475e-01
3.525359999999999854e+04 5.448828999999999478e-01
3.526709999999999854e+04 5.450502999999999876e-01
3.528069999999999709e+04 5.452590000000000492e-01
3.529419999999999709e+04 5.454236000000000084e-01
3.530769999999999709e+04 5.455894000000000021e-01
3.532119999999999709e+04 5.458252999999999577e-01
3.533469999999999709e+04 5.460091000000000250e-01
3.534819999999999709e+04 5.461928000000000338e-01
3.536169999999999709e+04 5.464250000000000496e-01
3.537519999999999709e+04 5.466100000000000403e-01
3.538880000000000291e+04 5.467946999999999669e-01
3.540230000000000291e+04 5.470239999999999547e-01
3.541580000000000291e+04 5.472110000000000030e-01
3.542930000000000291e+04 5.474002999999999508e-01
3.544280000000000291e+04 5.476330999999999838e-01
3.545630000000000291e+04 5.478288000000000046e-01
3.546980000000000291e+04 5.480279000000000122e-01
3.548330000000000291e+04 5.482658999999999727e-01
3.549680000000000291e+04 5.484679000000000082e-01
3.551040000000000146e+04 5.487085999999999908e-01
3.552390000000000146e+04 5.489171000000000467e-01
3.553740000000000146e+04 5.491302999999999601e-01
3.555090000000000146e+04 5.493816999999999728e-01
3.556440000000000146e+04 5.496010999999999536e-01
3.557790000000000146e+04 5.498256000000000254e-01
3.559140000000000146e+04 5.500878000000000156e-01
3.560490000000000146e+04 5.503202000000000371e-01
3.561850000000000000e+04 5.505562999999999985e-01
3.563200000000000000e+04 5.508290000000000131e-01
3.564550000000000000e+04 5.510694000000000425e-01
3.565900000000000000e+04 5.513128999999999946e-01
3.567250000000000000e+04 5.515976000000000212e-01
3.568600000000000000e+04 5.518494000000000455e-01
3.569950000000000000e+04 5.521042000000000449e-01
3.571300000000000000e+04 5.524025999999999659e-01
3.572659999999999854e+04 5.526634999999999742e-01
3.574009999999999854e+04 5.529676999999999509e-01
3.575359999999999854e+04 5.532316999999999929e-01
3.576709999999999854e+04 5.534966999999999526e-01
3.578059999999999854e+04 5.538083000000000311e-01
3.579409999999999854e+04 5.540745999999999727e-01
3.580759999999999854e+04 5.543411999999999784e-01
3.582109999999999854e+04 5.546594000000000246e-01
3.583469999999999709e+04 5.549287999999999998e-01
3.584819999999999709e+04 5.551996000000000153e-01
3.586169999999999709e+04 5.555252999999999997e-01
3.587519999999999709e+04 5.557948000000000333e-01
3.588869999999999709e+04 5.560623000000000093e-01
3.590219999999999709e+04 5.563890000000000224e-01
3.591569999999999709e+04 5.566569999999999574e-01
3.592919999999999709e+04 5.569245999999999919e-01
3.594280000000000291e+04 5.572553000000000090e-01
3.595630000000000291e+04 5.575227000000000377e-01
3.596980000000000291e+04 5.577902999999999611e-01
3.598330000000000291e+04 5.581266999999999756e-01
3.599680000000000291e+04 5.583985999999999672e-01
3.601030000000000291e+04 5.587140000000000439e-01
3.602380000000000291e+04 5.589585999999999721e-01
3.603730000000000291e+04 5.592019999999999769e-01
3.605090000000000146e+04 5.594921999999999951e-01
3.606440000000000146e+04 5.597351000000000409e-01
3.607790000000000146e+04 5.599783999999999873e-01
3.609140000000000146e+04 5.602715000000000334e-01
3.610490000000000146e+04 5.605137999999999510e-01
3.611840000000000146e+04 5.607552999999999566e-01
3.613190000000000146e+04 5.610484000000000027e-01
3.614540000000000146e+04 5.612892999999999910e-01
3.615900000000000000e+04 5.615295000000000147e-01
3.617250000000000000e+04 5.618235999999999786e-01
3.618600000000000000e+04 5.620637000000000549e-01
3.619950000000000000e+04 5.623029999999999973e-01
3.621300000000000000e+04 5.625968000000000080e-01
3.622650000000000000e+04 5.628383000000000136e-01
3.624000000000000000e+04 5.631357000000000168e-01
3.625350000000000000e+04 5.633791000000000215e-01
3.626709999999999854e+04 5.636229999999999851e-01
3.628059999999999854e+04 5.639201999999999826e-01
3.629409999999999854e+04 5.641620000000000523e-01
3.630759999999999854e+04 5.644034999999999469e-01
3.632109999999999854e+04 5.646972000000000103e-01
3.633459999999999854e+04 5.649361999999999995e-01
3.634809999999999854e+04 5.651753000000000471e-01
3.636159999999999854e+04 5.654687999999999937e-01
3.637519999999999709e+04 5.657109000000000165e-01
3.638869999999999709e+04 5.659537999999999514e-01
3.640219999999999709e+04 5.662477999999999678e-01
3.641569999999999709e+04 5.664903000000000022e-01
3.642919999999999709e+04 5.667326999999999781e-01
3.644269999999999709e+04 5.670226000000000433e-01
3.645619999999999709e+04 5.672633999999999732e-01
3.646969999999999709e+04 5.675029000000000323e-01
3.648319999999999709e+04 5.677872000000000474e-01
3.649680000000000291e+04 5.680264999999999898e-01
3.651030000000000291e+04 5.683074000000000181e-01
3.652380000000000291e+04 5.685426999999999564e-01
3.653730000000000291e+04 5.687773999999999885e-01
3.655080000000000291e+04 5.690492999999999801e-01
3.656430000000000291e+04 5.692789000000000321e-01
3.657780000000000291e+04 5.695078000000000085e-01
3.659130000000000291e+04 5.697689000000000226e-01
3.660490000000000146e+04 5.699895999999999852e-01
3.661840000000000146e+04 5.702091999999999716e-01
3.663190000000000146e+04 5.704603000000000312e-01
3.664540000000000146e+04 5.706769000000000425e-01
3.665890000000000146e+04 5.708910999999999847e-01
3.667240000000000146e+04 5.711319000000000257e-01
3.668590000000000146e+04 5.713392999999999944e-01
3.669940000000000146e+04 5.715432999999999764e-01
3.671300000000000000e+04 5.717710999999999766e-01
3.672650000000000000e+04 5.719676999999999678e-01
3.674000000000000000e+04 5.721600999999999493e-01
3.675350000000000000e+04 5.723743000000000025e-01
3.676700000000000000e+04 5.725607000000000335e-01
3.678050000000000000e+04 5.727668000000000204e-01
3.679400000000000000e+04 5.729488999999999832e-01
3.680750000000000000e+04 5.731283000000000349e-01
3.682109999999999854e+04 5.733268999999999727e-01
3.683459999999999854e+04 5.735038999999999554e-01
3.684809999999999854e+04 5.736769999999999925e-01
3.686159999999999854e+04 5.738664999999999461e-01
3.687509999999999854e+04 5.740349999999999620e-01
3.688859999999999854e+04 5.742013000000000256e-01
3.690209999999999854e+04 5.743861999999999579e-01
3.691559999999999854e+04 5.745529999999999804e-01
3.692919999999999709e+04 5.747174000000000449e-01
3.694269999999999709e+04 5.748993000000000020e-01
3.695619999999999709e+04 5.750627000000000377e-01
3.696969999999999709e+04 5.752251999999999921e-01
3.698319999999999709e+04 5.754065000000000429e-01
3.699669999999999709e+04 5.755675000000000097e-01
3.701019999999999709e+04 5.757446000000000508e-01
3.702369999999999709e+04 5.759016000000000135e-01
3.703730000000000291e+04 5.760583999999999705e-01
3.705080000000000291e+04 5.762367999999999935e-01
3.706430000000000291e+04 5.763972000000000540e-01
3.707780000000000291e+04 5.765578999999999565e-01
3.709130000000000291e+04 5.767408000000000534e-01
3.710480000000000291e+04 5.769035999999999609e-01
3.711830000000000291e+04 5.770665999999999851e-01
3.713180000000000291e+04 5.772542000000000506e-01
3.714540000000000146e+04 5.774181999999999926e-01
3.715890000000000146e+04 5.775797999999999766e-01
3.717240000000000146e+04 5.777668000000000248e-01
3.718590000000000146e+04 5.779288999999999676e-01
3.719940000000000146e+04 5.780912999999999746e-01
3.721290000000000146e+04 5.782836000000000087e-01
3.722640000000000146e+04 5.784487000000000378e-01
3.723990000000000146e+04 5.786135000000000028e-01
3.725350000000000000e+04 5.788092000000000237e-01
3.726700000000000000e+04 5.789744000000000002e-01
3.728050000000000000e+04 5.791707999999999856e-01
3.729400000000000000e+04 5.793353999999999449e-01
3.730750000000000000e+04 5.794972999999999930e-01
3.732100000000000000e+04 5.796921999999999908e-01
3.733450000000000000e+04 5.798524999999999929e-01
3.734800000000000000e+04 5.800094000000000083e-01
3.736150000000000000e+04 5.802007000000000136e-01
3.737509999999999854e+04 5.803532999999999609e-01
3.738859999999999854e+04 5.804998999999999576e-01
3.740209999999999854e+04 5.806799999999999740e-01
3.741559999999999854e+04 5.808168000000000220e-01
3.742909999999999854e+04 5.809457999999999567e-01
3.744259999999999854e+04 5.811085000000000278e-01
3.745609999999999854e+04 5.812251999999999974e-01
3.746959999999999854e+04 5.813342999999999705e-01
3.748319999999999709e+04 5.814789000000000208e-01
3.749669999999999709e+04 5.815768999999999522e-01
3.751019999999999709e+04 5.817090999999999790e-01
3.752369999999999709e+04 5.817944999999999922e-01
3.753719999999999709e+04 5.818712999999999802e-01
3.755069999999999709e+04 5.819805000000000117e-01
3.756419999999999709e+04 5.820406000000000191e-01
3.757769999999999709e+04 5.820908000000000193e-01
3.759130000000000291e+04 5.821722999999999759e-01
3.760480000000000291e+04 5.822043999999999553e-01
3.761830000000000291e+04 5.822262000000000270e-01
3.763180000000000291e+04 5.822796999999999557e-01
3.764530000000000291e+04 5.822869999999999990e-01
3.765880000000000291e+04 5.822863999999999818e-01
3.767230000000000291e+04 5.823175999999999908e-01
3.768580000000000291e+04 5.823045999999999500e-01
3.769940000000000146e+04 5.822832000000000008e-01
3.771290000000000146e+04 5.822903999999999858e-01
3.772640000000000146e+04 5.822547000000000139e-01
3.773990000000000146e+04 5.822106000000000225e-01
3.775340000000000146e+04 5.821935000000000304e-01
3.776690000000000146e+04 5.821385999999999505e-01
3.778040000000000146e+04 5.821094999999999464e-01
3.779390000000000146e+04 5.820471000000000394e-01
3.780750000000000000e+04 5.819836000000000453e-01
3.782100000000000000e+04 5.819442000000000226e-01
3.783450000000000000e+04 5.818778999999999479e-01
3.784800000000000000e+04 5.818124999999999547e-01
3.786150000000000000e+04 5.817683999999999633e-01
3.787500000000000000e+04 5.817020999999999997e-01
3.788850000000000000e+04 5.816365999999999481e-01
3.790200000000000000e+04 5.815888999999999642e-01
3.791559999999999854e+04 5.815280000000000449e-01
3.792909999999999854e+04 5.814732999999999707e-01
3.794259999999999854e+04 5.814369000000000343e-01
3.795609999999999854e+04 5.813970000000000526e-01
3.796959999999999854e+04 5.813650000000000206e-01
3.798309999999999854e+04 5.813460000000000294e-01
3.799659999999999854e+04 5.813295000000000545e-01
3.801009999999999854e+04 5.813241999999999576e-01
3.802369999999999709e+04 5.813232000000000399e-01
3.803719999999999709e+04 5.813338000000000116e-01
3.805069999999999709e+04 5.813511999999999569e-01
3.806419999999999709e+04 5.813806999999999725e-01
3.807769999999999709e+04 5.814259000000000510e-01
3.809119999999999709e+04 5.814776000000000389e-01
3.810469999999999709e+04 5.815510999999999875e-01
3.811819999999999709e+04 5.816413000000000277e-01
3.813180000000000291e+04 5.817305000000000392e-01
3.814530000000000291e+04 5.818455999999999628e-01
3.815880000000000291e+04 5.819754000000000316e-01
3.817230000000000291e+04 5.820961000000000052e-01
3.818580000000000291e+04 5.822446999999999484e-01
3.819930000000000291e+04 5.824047999999999448e-01
3.821280000000000291e+04 5.825504000000000238e-01
3.822630000000000291e+04 5.827312999999999521e-01
3.823980000000000291e+04 5.829254999999999853e-01
3.825340000000000146e+04 5.831001000000000101e-01
3.826690000000000146e+04 5.833127999999999647e-01
3.828040000000000146e+04 5.835019999999999651e-01
3.829390000000000146e+04 5.837299000000000238e-01
3.830740000000000146e+04 5.839611999999999581e-01
3.832090000000000146e+04 5.841596999999999484e-01
3.833440000000000146e+04 5.843947999999999920e-01
3.834790000000000146e+04 5.846280999999999839e-01
3.836150000000000000e+04 5.848198000000000008e-01
3.837500000000000000e+04 5.850476999999999483e-01
3.838850000000000000e+04 5.852713999999999972e-01
3.840200000000000000e+04 5.854489999999999972e-01
3.841550000000000000e+04 5.856622999999999690e-01
3.842900000000000000e+04 5.858643000000000045e-01
3.844250000000000000e+04 5.860106999999999955e-01
3.845600000000000000e+04 5.861889999999999601e-01
3.846959999999999854e+04 5.863509999999999556e-01
3.848309999999999854e+04 5.864527000000000490e-01
3.849659999999999854e+04 5.865785999999999500e-01
3.851009999999999854e+04 5.866362000000000521e-01
3.852359999999999854e+04 5.867194000000000020e-01
3.853709999999999854e+04 5.867807999999999913e-01
3.855059999999999854e+04 5.867719999999999603e-01
3.856409999999999854e+04 5.867849000000000537e-01
3.857769999999999709e+04 5.867702000000000195e-01
3.859119999999999709e+04 5.866807000000000549e-01
3.860469999999999709e+04 5.866067000000000364e-01
3.861819999999999709e+04 5.865004999999999802e-01
3.863169999999999709e+04 5.863173000000000412e-01
3.864519999999999709e+04 5.861452999999999802e-01
3.865869999999999709e+04 5.859408000000000394e-01
3.867219999999999709e+04 5.856613000000000513e-01
3.868580000000000291e+04 5.853922999999999766e-01
3.869930000000000291e+04 5.850940999999999503e-01
3.871280000000000291e+04 5.847272999999999499e-01
3.872630000000000291e+04 5.843696999999999919e-01
3.873980000000000291e+04 5.839822999999999542e-01
3.875330000000000291e+04 5.835276000000000352e-01
3.876680000000000291e+04 5.830767000000000033e-01
3.878030000000000291e+04 5.825666999999999929e-01
3.879390000000000146e+04 5.820579999999999643e-01
3.880740000000000146e+04 5.815223999999999949e-01
3.882090000000000146e+04 5.809364999999999668e-01
3.883440000000000146e+04 5.803538000000000308e-01
3.884790000000000146e+04 5.797514999999999752e-01
3.886140000000000146e+04 5.791129000000000415e-01
3.887490000000000146e+04 5.784802000000000000e-01
3.888840000000000146e+04 5.778320999999999596e-01
3.890200000000000000e+04 5.771562999999999555e-01
3.891550000000000000e+04 5.764835000000000376e-01
3.892900000000000000e+04 5.757980000000000320e-01
3.894250000000000000e+04 5.750935000000000352e-01
3.895600000000000000e+04 5.743903000000000203e-01
3.896950000000000000e+04 5.736767000000000394e-01
3.898300000000000000e+04 5.729524999999999757e-01
3.899650000000000000e+04 5.722281000000000173e-01
3.901009999999999854e+04 5.714974000000000443e-01
3.902359999999999854e+04 5.707653999999999783e-01
3.903709999999999854e+04 5.700288000000000022e-01
3.905059999999999854e+04 5.692886999999999809e-01
3.906409999999999854e+04 5.685379999999999878e-01
3.907759999999999854e+04 5.677788000000000279e-01
3.909109999999999854e+04 5.670150999999999941e-01
3.910459999999999854e+04 5.662272000000000416e-01
3.911819999999999709e+04 5.654209000000000040e-01
3.913169999999999709e+04 5.646046000000000120e-01
3.914519999999999709e+04 5.637470999999999455e-01
3.915869999999999709e+04 5.628579000000000221e-01
3.917219999999999709e+04 5.619490000000000318e-01
3.918569999999999709e+04 5.609762999999999833e-01
3.919919999999999709e+04 5.599524000000000168e-01
3.921269999999999709e+04 5.588906000000000152e-01
3.922619999999999709e+04 5.577326000000000228e-01
3.923980000000000291e+04 5.564934999999999743e-01
3.925330000000000291e+04 5.551886000000000321e-01
3.926680000000000291e+04 5.537507000000000401e-01
3.928030000000000291e+04 5.522261000000000530e-01
3.929380000000000291e+04 5.505375999999999603e-01
3.930730000000000291e+04 5.487005000000000354e-01
3.932080000000000291e+04 5.467357000000000466e-01
3.933430000000000291e+04 5.445609999999999618e-01
3.934790000000000146e+04 5.421928000000000303e-01
3.936140000000000146e+04 5.396530000000000493e-01
3.937490000000000146e+04 5.368545000000000122e-01
3.938840000000000146e+04 5.338152000000000452e-01
3.940190000000000146e+04 5.305608000000000546e-01
3.941540000000000146e+04 5.270015000000000116e-01
3.942890000000000146e+04 5.231523000000000145e-01
3.944240000000000146e+04 5.190390999999999755e-01
3.945600000000000000e+04 5.145718000000000236e-01
3.946950000000000000e+04 5.097762999999999600e-01
3.948300000000000000e+04 5.046821999999999697e-01
3.949650000000000000e+04 4.992042999999999897e-01
3.951000000000000000e+04 4.934140000000000192e-01
3.952350000000000000e+04 4.872272999999999743e-01
3.953700000000000000e+04 4.806900000000000062e-01
3.955050000000000000e+04 4.738379999999999814e-01
3.956409999999999854e+04 4.665916999999999981e-01
3.957759999999999854e+04 4.589967999999999826e-01
3.959109999999999854e+04 4.510979999999999990e-01
3.960459999999999854e+04 4.428305000000000158e-01
3.961809999999999854e+04 4.342459000000000180e-01
3.963159999999999854e+04 4.253960999999999992e-01
3.964509999999999854e+04 4.162274999999999725e-01
3.965859999999999854e+04 4.067990000000000217e-01
3.967219999999999709e+04 3.971693000000000029e-01
3.968569999999999709e+04 3.872887999999999886e-01
3.969919999999999709e+04 3.772168000000000188e-01
3.971269999999999709e+04 3.670105000000000173e-01
3.972619999999999709e+04 3.566362000000000143e-01
3.973969999999999709e+04 3.461523000000000239e-01
3.975319999999999709e+04 3.356141000000000263e-01
3.976669999999999709e+04 3.249954999999999927e-01
3.978030000000000291e+04 3.143785000000000052e-01
3.979380000000000291e+04 3.037444999999999729e-01
3.980730000000000291e+04 2.931419000000000108e-01
3.982080000000000291e+04 2.826177999999999746e-01
3.983430000000000291e+04 2.721536999999999984e-01
3.984780000000000291e+04 2.617960999999999760e-01
3.986130000000000291e+04 2.515861999999999821e-01
3.987480000000000291e+04 2.415058999999999956e-01
3.988840000000000146e+04 2.315947999999999896e-01
3.990190000000000146e+04 2.218889000000000000e-01
3.991540000000000146e+04 2.123710000000000042e-01
3.992890000000000146e+04 2.030727999999999978e-01
3.994240000000000146e+04 1.940199999999999980e-01
3.995590000000000146e+04 1.851948999999999956e-01
3.996940000000000146e+04 1.766216999999999926e-01
3.998290000000000146e+04 1.683194000000000079e-01
3.999650000000000000e+04 1.602687999999999890e-01
4.001000000000000000e+04 1.524877000000000038e-01
4.002350000000000000e+04 1.449823000000000084e-01
4.003700000000000000e+04 1.377464999999999939e-01
4.005050000000000000e+04 1.307918999999999887e-01
4.006400000000000000e+04 1.241059999999999941e-01
4.007750000000000000e+04 1.176919000000000021e-01
4.009100000000000000e+04 1.115511000000000003e-01
4.010450000000000000e+04 1.056713999999999987e-01
4.011809999999999854e+04 1.000516000000000044e-01
4.013159999999999854e+04 9.469039999999999402e-02
4.014509999999999854e+04 8.957465000000000566e-02
4.015859999999999854e+04 8.470144999999999758e-02
4.017209999999999854e+04 8.006697000000000120e-02
4.018559999999999854e+04 7.565713999999999773e-02
4.019909999999999854e+04 7.146769000000000038e-02
4.021259999999999854e+04 6.749283999999999839e-02
4.022619999999999709e+04 6.371955999999999454e-02
4.023969999999999709e+04 6.014411000000000063e-02
4.025319999999999709e+04 5.675978000000000273e-02
4.026669999999999709e+04 5.355330999999999980e-02
4.028019999999999709e+04 5.052257000000000275e-02
4.029369999999999709e+04 4.765492999999999812e-02
4.030719999999999709e+04 4.494480000000000003e-02
4.032069999999999709e+04 4.238746999999999654e-02
4.033430000000000291e+04 3.997034000000000004e-02
4.034780000000000291e+04 3.768777999999999712e-02
4.036130000000000291e+04 3.553632999999999792e-02
4.037480000000000291e+04 3.350598999999999938e-02
4.038830000000000291e+04 3.159199000000000035e-02
4.040180000000000291e+04 2.978922000000000167e-02
4.041530000000000291e+04 2.808872999999999925e-02
4.042880000000000291e+04 2.648634000000000058e-02
4.044240000000000146e+04 2.497861999999999999e-02
4.045590000000000146e+04 2.355805000000000052e-02
4.046940000000000146e+04 2.222087999999999841e-02
4.048290000000000146e+04 2.096285000000000162e-02
4.049640000000000146e+04 1.977618000000000084e-02
4.050990000000000146e+04 1.865953000000000056e-02
4.052340000000000146e+04 1.760957999999999968e-02
4.053690000000000146e+04 1.661995000000000139e-02
4.055050000000000000e+04 1.569053999999999935e-02
4.056400000000000000e+04 1.481473999999999985e-02
4.057750000000000000e+04 1.398993999999999932e-02
4.059100000000000000e+04 1.321446000000000079e-02
4.060450000000000000e+04 1.248369000000000041e-02
4.061800000000000000e+04 1.179506999999999951e-02
4.063150000000000000e+04 1.114768000000000009e-02
4.064500000000000000e+04 1.053718000000000016e-02
4.065859999999999854e+04 9.962040999999999605e-03
4.067209999999999854e+04 9.420859000000000177e-03
4.068559999999999854e+04 8.910512000000000640e-03
4.069909999999999854e+04 8.430451999999999738e-03
4.071259999999999854e+04 7.978627000000000288e-03
4.072609999999999854e+04 7.552035999999999819e-03
4.073959999999999854e+04 7.150301999999999873e-03
4.075309999999999854e+04 6.772778999999999605e-03
4.076669999999999709e+04 6.416457999999999884e-03
4.078019999999999709e+04 6.082350999999999730e-03
4.079369999999999709e+04 5.766557000000000280e-03
4.080719999999999709e+04 5.468073999999999851e-03
4.082069999999999709e+04 5.187309999999999664e-03
4.083419999999999709e+04 4.922122999999999603e-03
4.084769999999999709e+04 4.671670000000000163e-03
4.086119999999999709e+04 4.435058999999999876e-03
4.087480000000000291e+04 4.210636000000000240e-03
4.088830000000000291e+04 3.997792000000000012e-03
4.090180000000000291e+04 3.797087000000000205e-03
4.091530000000000291e+04 3.607470000000000208e-03
4.092880000000000291e+04 3.429020000000000071e-03
4.094230000000000291e+04 3.260823999999999841e-03
4.095580000000000291e+04 3.101683000000000044e-03
4.096930000000000291e+04 2.951898000000000109e-03
4.098280000000000291e+04 2.810553999999999830e-03
4.099640000000000146e+04 2.676210000000000047e-03
4.100990000000000146e+04 2.549275000000000152e-03
4.102340000000000146e+04 2.429782000000000122e-03
4.103690000000000146e+04 2.315654999999999797e-03
4.105040000000000146e+04 2.207923999999999998e-03
4.106390000000000146e+04 2.105529000000000081e-03
4.107740000000000146e+04 2.008305000000000159e-03
4.109090000000000146e+04 1.916296999999999966e-03
4.110450000000000000e+04 1.829588000000000048e-03
4.111800000000000000e+04 1.747733999999999920e-03
4.113150000000000000e+04 1.669939999999999966e-03
4.114500000000000000e+04 1.595910000000000080e-03
4.115850000000000000e+04 1.525702000000000091e-03
4.117200000000000000e+04 1.459070999999999936e-03
4.118550000000000000e+04 1.395292000000000017e-03
4.119900000000000000e+04 1.335328999999999900e-03
4.121259999999999854e+04 1.278293000000000007e-03
4.122609999999999854e+04 1.223387000000000042e-03
4.123959999999999854e+04 1.171076000000000061e-03
4.125309999999999854e+04 1.121950999999999938e-03
4.126659999999999854e+04 1.074782000000000038e-03
4.128009999999999854e+04 1.029802999999999925e-03
4.129359999999999854e+04 9.870369000000000365e-04
4.130709999999999854e+04 9.462764999999999718e-04
4.132069999999999709e+04 9.076689000000000198e-04
4.133419999999999709e+04 8.713398000000000020e-04
4.134769999999999709e+04 8.373124999999999492e-04
4.136119999999999709e+04 8.045866000000000259e-04
4.137469999999999709e+04 7.732124999999999632e-04
4.138819999999999709e+04 7.436933000000000172e-04
4.140169999999999709e+04 7.157434999999999752e-04
4.141519999999999709e+04 6.878312000000000358e-04
4.142880000000000291e+04 6.606027999999999900e-04
4.144230000000000291e+04 6.345141000000000106e-04
4.145580000000000291e+04 6.097360000000000453e-04
4.146930000000000291e+04 5.864779999999999776e-04
4.148280000000000291e+04 5.649736999999999945e-04
4.149630000000000291e+04 5.444080999999999487e-04
4.150980000000000291e+04 5.245720999999999848e-04
4.152330000000000291e+04 5.064797999999999479e-04
4.153690000000000146e+04 4.897174000000000015e-04
4.155040000000000146e+04 4.731019999999999844e-04
4.156390000000000146e+04 4.559143000000000201e-04
4.157740000000000146e+04 4.393442999999999806e-04
4.159090000000000146e+04 4.236485000000000012e-04
4.160440000000000146e+04 4.087033999999999806e-04
4.161790000000000146e+04 3.942470000000000219e-04
4.163140000000000146e+04 3.807069000000000056e-04
4.164500000000000000e+04 3.674112000000000103e-04
4.165850000000000000e+04 3.549197999999999828e-04
4.167200000000000000e+04 3.437083000000000174e-04
4.168550000000000000e+04 3.334648999999999860e-04
4.169900000000000000e+04 3.233107000000000147e-04
4.171250000000000000e+04 3.133696999999999958e-04
4.172600000000000000e+04 3.041162999999999939e-04
4.173950000000000000e+04 2.950210000000000202e-04
4.175309999999999854e+04 2.858820999999999780e-04
4.176659999999999854e+04 2.773720999999999934e-04
4.178009999999999854e+04 2.697199999999999858e-04
4.179359999999999854e+04 2.619669000000000142e-04
4.180709999999999854e+04 2.541754000000000127e-04
4.182059999999999854e+04 2.465600999999999774e-04
4.183409999999999854e+04 2.393332999999999875e-04
4.184759999999999854e+04 2.322838999999999937e-04
4.186109999999999854e+04 2.260045000000000077e-04
4.187469999999999709e+04 2.201040999999999989e-04
4.188819999999999709e+04 2.141435999999999871e-04
4.190169999999999709e+04 2.079061000000000049e-04
4.191519999999999709e+04 2.022580000000000005e-04
4.192869999999999709e+04 1.971816000000000096e-04
4.194219999999999709e+04 1.921636000000000112e-04
4.195569999999999709e+04 1.870747999999999931e-04
4.196919999999999709e+04 1.824309000000000087e-04
4.198280000000000291e+04 1.777958999999999963e-04
4.199630000000000291e+04 1.729798000000000002e-04
4.200980000000000291e+04 1.684320999999999963e-04
4.202330000000000291e+04 1.643163999999999909e-04
4.203680000000000291e+04 1.602827000000000028e-04
4.205030000000000291e+04 1.564286000000000018e-04
4.206380000000000291e+04 1.532638000000000012e-04
4.207730000000000291e+04 1.504352999999999994e-04
4.209090000000000146e+04 1.476764999999999946e-04
4.210440000000000146e+04 1.452633999999999957e-04
4.211790000000000146e+04 1.435514000000000093e-04
4.213140000000000146e+04 1.418672999999999961e-04
4.214490000000000146e+04 1.398159999999999909e-04
4.215840000000000146e+04 1.374157999999999998e-04
4.217190000000000146e+04 1.351347999999999991e-04
4.218540000000000146e+04 1.327245000000000063e-04
4.219900000000000000e+04 1.305036999999999885e-04
4.221250000000000000e+04 1.284365000000000094e-04
4.222600000000000000e+04 1.262068999999999995e-04
4.223950000000000000e+04 1.234478000000000008e-04
4.225300000000000000e+04 1.207445999999999959e-04
4.226650000000000000e+04 1.184159999999999992e-04
4.228000000000000000e+04 1.161936000000000051e-04
4.229350000000000000e+04 1.141315999999999967e-04
4.230709999999999854e+04 1.124943000000000048e-04
4.232059999999999854e+04 1.111719000000000054e-04
4.233409999999999854e+04 1.095848999999999950e-04
4.234759999999999854e+04 1.078839000000000057e-04
4.236109999999999854e+04 1.066792000000000001e-04
4.237459999999999854e+04 1.055951999999999949e-04
4.238809999999999854e+04 1.037692999999999960e-04
4.240159999999999854e+04 1.008698999999999945e-04
4.241519999999999709e+04 9.784594999999999447e-05
4.242869999999999709e+04 9.494629000000000198e-05
4.244219999999999709e+04 9.275166999999999960e-05
4.245569999999999709e+04 9.144618000000000408e-05
4.246919999999999709e+04 9.055019000000000522e-05
4.248269999999999709e+04 8.948394999999999559e-05
4.249619999999999709e+04 8.852164000000000582e-05
4.250969999999999709e+04 8.802113999999999934e-05
4.252330000000000291e+04 8.739968000000000140e-05
4.253680000000000291e+04 8.599435000000000108e-05
4.255030000000000291e+04 8.390129000000000185e-05
4.256380000000000291e+04 8.145178000000000368e-05
4.257730000000000291e+04 7.881318000000000492e-05
4.259080000000000291e+04 7.610018000000000565e-05
4.260430000000000291e+04 7.389712999999999631e-05
4.261780000000000291e+04 7.236890000000000434e-05
4.263140000000000146e+04 7.120738999999999791e-05
4.264490000000000146e+04 7.028940000000000502e-05
4.265840000000000146e+04 6.991094999999999851e-05
4.267190000000000146e+04 6.985359999999999812e-05
4.268540000000000146e+04 0.000000000000000000e+00
