3.698319999999999709e+04 0.000000000000000000e+00
3.699669999999999709e+04 2.451927999999999812e-04
3.701019999999999709e+04 2.573602000000000029e-04
3.702369999999999709e+04 2.725477000000000130e-04
3.703730000000000291e+04 2.853474000000000049e-04
3.705080000000000291e+04 3.013391000000000030e-04
3.706430000000000291e+04 3.199168000000000064e-04
3.707780000000000291e+04 3.368579000000000126e-04
3.709130000000000291e+04 3.553572000000000067e-04
3.710480000000000291e+04 3.716260000000000093e-04
3.711830000000000291e+04 3.884393000000000199e-04
3.713180000000000291e+04 4.116206000000000075e-04
3.714540000000000146e+04 4.329984999999999845e-04
3.715890000000000146e+04 4.540867999999999771e-04
3.717240000000000146e+04 4.794398999999999970e-04
3.718590000000000146e+04 5.016197000000000451e-04
3.719940000000000146e+04 5.257048999999999750e-04
3.721290000000000146e+04 5.567614000000000460e-04
3.722640000000000146e+04 5.887168999999999605e-04
3.723990000000000146e+04 6.235311000000000109e-04
3.725350000000000000e+04 6.596066999999999946e-04
3.726700000000000000e+04 6.957289999999999655e-04
3.728050000000000000e+04 7.407540999999999692e-04
3.729400000000000000e+04 7.871392000000000276e-04
3.730750000000000000e+04 8.285308000000000126e-04
3.732100000000000000e+04 8.754115000000000464e-04
3.733450000000000000e+04 9.249641000000000503e-04
3.734800000000000000e+04 9.762561000000000329e-04
3.736150000000000000e+04 1.036803999999999894e-03
3.737509999999999854e+04 1.098014999999999929e-03
3.738859999999999854e+04 1.159614999999999908e-03
3.740209999999999854e+04 1.230151000000000074e-03
3.741559999999999854e+04 1.302425999999999974e-03
3.742909999999999854e+04 1.377890000000000104e-03
3.744259999999999854e+04 1.461407999999999978e-03
3.745609999999999854e+04 1.544634999999999932e-03
3.746959999999999854e+04 1.631910000000000088e-03
3.748319999999999709e+04 1.728558999999999955e-03
3.749669999999999709e+04 1.829962000000000082e-03
3.751019999999999709e+04 1.942591000000000023e-03
3.752369999999999709e+04 2.063913000000000119e-03
3.753719999999999709e+04 2.185321000000000052e-03
3.755069999999999709e+04 2.315966000000000032e-03
3.756419999999999709e+04 2.456133000000000101e-03
3.757769999999999709e+04 2.600303999999999897e-03
3.759130000000000291e+04 2.758299000000000081e-03
3.760480000000000291e+04 2.928328999999999915e-03
3.761830000000000291e+04 3.103952000000000100e-03
3.763180000000000291e+04 3.292670000000000145e-03
3.764530000000000291e+04 3.492189000000000144e-03
3.765880000000000291e+04 3.701443000000000007e-03
3.767230000000000291e+04 3.930254000000000213e-03
3.768580000000000291e+04 4.172323000000000351e-03
3.769940000000000146e+04 4.423520000000000230e-03
3.771290000000000146e+04 4.694608999999999761e-03
3.772640000000000146e+04 4.982453000000000402e-03
3.773990000000000146e+04 5.285665000000000155e-03
3.775340000000000146e+04 5.614878999999999704e-03
3.776690000000000146e+04 5.964515999999999568e-03
3.778040000000000146e+04 6.330844000000000402e-03
3.779390000000000146e+04 6.723485999999999872e-03
3.780750000000000000e+04 7.141129000000000400e-03
3.782100000000000000e+04 7.583707999999999769e-03
3.783450000000000000e+04 8.061364999999999156e-03
3.784800000000000000e+04 8.570298000000000499e-03
3.786150000000000000e+04 9.109920999999999991e-03
3.787500000000000000e+04 9.689545000000000796e-03
3.788850000000000000e+04 1.030154999999999960e-02
3.790200000000000000e+04 1.094891999999999914e-02
3.791559999999999854e+04 1.164896999999999981e-02
3.792909999999999854e+04 1.239382999999999978e-02
3.794259999999999854e+04 1.318613000000000077e-02
3.795609999999999854e+04 1.404413000000000016e-02
3.796959999999999854e+04 1.495472999999999941e-02
3.798309999999999854e+04 1.592065000000000147e-02
3.799659999999999854e+04 1.696444000000000077e-02
3.801009999999999854e+04 1.807341000000000156e-02
3.802369999999999709e+04 1.925545999999999855e-02
3.803719999999999709e+04 2.053417999999999910e-02
3.805069999999999709e+04 2.189228000000000007e-02
3.806419999999999709e+04 2.334256999999999999e-02
3.807769999999999709e+04 2.490405000000000049e-02
3.809119999999999709e+04 2.656207999999999833e-02
3.810469999999999709e+04 2.833215999999999860e-02
3.811819999999999709e+04 3.023413000000000142e-02
3.813180000000000291e+04 3.226098000000000160e-02
3.814530000000000291e+04 3.442855000000000221e-02
3.815880000000000291e+04 3.675139999999999657e-02
3.817230000000000291e+04 3.922363000000000238e-02
3.818580000000000291e+04 4.186170000000000169e-02
3.819930000000000291e+04 4.468322000000000266e-02
3.821280000000000291e+04 4.768733000000000000e-02
3.822630000000000291e+04 5.089156999999999709e-02
3.823980000000000291e+04 5.431501999999999858e-02
3.825340000000000146e+04 5.795303999999999733e-02
3.826690000000000146e+04 6.181732000000000199e-02
3.828040000000000146e+04 6.592438000000000464e-02
3.829390000000000146e+04 7.027994999999999381e-02
3.830740000000000146e+04 7.488641000000000048e-02
3.832090000000000146e+04 7.976777000000000173e-02
3.833440000000000146e+04 8.492523999999999906e-02
3.834790000000000146e+04 9.035400999999999849e-02
3.836150000000000000e+04 9.607762000000000246e-02
3.837500000000000000e+04 1.020838000000000023e-01
3.838850000000000000e+04 1.083722000000000019e-01
3.840200000000000000e+04 1.149638000000000049e-01
3.841550000000000000e+04 1.218435999999999964e-01
3.842900000000000000e+04 1.289982000000000073e-01
3.844250000000000000e+04 1.364347999999999950e-01
3.845600000000000000e+04 1.441449999999999954e-01
3.846959999999999854e+04 1.521037000000000083e-01
3.848309999999999854e+04 1.603045999999999915e-01
3.849659999999999854e+04 1.687451000000000090e-01
3.851009999999999854e+04 1.773724000000000134e-01
3.852359999999999854e+04 1.862157000000000118e-01
3.853709999999999854e+04 1.952403000000000055e-01
3.855059999999999854e+04 2.043852999999999920e-01
3.856409999999999854e+04 2.136775999999999953e-01
3.857769999999999709e+04 2.230829000000000006e-01
3.859119999999999709e+04 2.325272999999999923e-01
3.860469999999999709e+04 2.420529999999999904e-01
3.861819999999999709e+04 2.516192999999999902e-01
3.863169999999999709e+04 2.611377999999999755e-01
3.864519999999999709e+04 2.706824999999999926e-01
3.865869999999999709e+04 2.802136000000000071e-01
3.867219999999999709e+04 2.896588999999999969e-01
3.868580000000000291e+04 2.990717999999999988e-01
3.869930000000000291e+04 3.084222999999999826e-01
3.871280000000000291e+04 3.176536999999999833e-01
3.872630000000000291e+04 3.268125000000000058e-01
3.873980000000000291e+04 3.358823000000000225e-01
3.875330000000000291e+04 3.448070999999999775e-01
3.876680000000000291e+04 3.536181999999999936e-01
3.878030000000000291e+04 3.622991999999999879e-01
3.879390000000000146e+04 3.708486999999999756e-01
3.880740000000000146e+04 3.792272999999999894e-01
3.882090000000000146e+04 3.874568999999999930e-01
3.883440000000000146e+04 3.954861000000000071e-01
3.884790000000000146e+04 4.033125000000000182e-01
3.886140000000000146e+04 4.109502999999999906e-01
3.887490000000000146e+04 4.183790000000000009e-01
3.888840000000000146e+04 4.255712999999999857e-01
3.890200000000000000e+04 4.325422999999999907e-01
3.891550000000000000e+04 4.392946999999999824e-01
3.892900000000000000e+04 4.457884999999999764e-01
3.894250000000000000e+04 4.520250000000000101e-01
3.895600000000000000e+04 4.580156000000000227e-01
3.896950000000000000e+04 4.637125999999999748e-01
3.898300000000000000e+04 4.691255999999999760e-01
3.899650000000000000e+04 4.742727999999999944e-01
3.901009999999999854e+04 4.790694999999999815e-01
3.902359999999999854e+04 4.835629000000000177e-01
3.903709999999999854e+04 4.877754999999999730e-01
3.905059999999999854e+04 4.916827999999999754e-01
3.906409999999999854e+04 4.953082999999999791e-01
3.907759999999999854e+04 4.986758000000000024e-01
3.909109999999999854e+04 5.017827999999999733e-01
3.910459999999999854e+04 5.046192999999999929e-01
3.911819999999999709e+04 5.072179999999999467e-01
3.913169999999999709e+04 5.095889000000000113e-01
3.914519999999999709e+04 5.117004000000000552e-01
3.915869999999999709e+04 5.136083999999999650e-01
3.917219999999999709e+04 5.153166000000000135e-01
3.918569999999999709e+04 5.167918999999999707e-01
3.919919999999999709e+04 5.181061999999999612e-01
3.921269999999999709e+04 5.192818000000000156e-01
3.922619999999999709e+04 5.202831999999999457e-01
3.923980000000000291e+04 5.211681000000000230e-01
3.925330000000000291e+04 5.219776999999999889e-01
3.926680000000000291e+04 5.226568999999999798e-01
3.928030000000000291e+04 5.232753999999999461e-01
3.929380000000000291e+04 5.237973000000000212e-01
3.930730000000000291e+04 5.242320999999999787e-01
3.932080000000000291e+04 5.246233000000000146e-01
3.933430000000000291e+04 5.249432000000000542e-01
3.934790000000000146e+04 5.252029999999999754e-01
3.936140000000000146e+04 5.254505999999999899e-01
3.937490000000000146e+04 5.256410000000000249e-01
3.938840000000000146e+04 5.258087999999999651e-01
3.940190000000000146e+04 5.259977000000000125e-01
3.941540000000000146e+04 5.261506000000000238e-01
3.942890000000000146e+04 5.263073000000000334e-01
3.944240000000000146e+04 5.264933000000000529e-01
3.945600000000000000e+04 5.266471000000000346e-01
3.946950000000000000e+04 5.268057999999999907e-01
3.948300000000000000e+04 5.269890999999999881e-01
3.949650000000000000e+04 5.271367999999999610e-01
3.951000000000000000e+04 5.273301999999999712e-01
3.952350000000000000e+04 5.274782000000000082e-01
3.953700000000000000e+04 5.276298999999999850e-01
3.955050000000000000e+04 5.278395999999999644e-01
3.956409999999999854e+04 5.280169999999999586e-01
3.957759999999999854e+04 5.282000999999999502e-01
3.959109999999999854e+04 5.284575999999999718e-01
3.960459999999999854e+04 5.286855999999999778e-01
3.961809999999999854e+04 5.289118000000000430e-01
3.963159999999999854e+04 5.291877999999999860e-01
3.964509999999999854e+04 5.294170000000000265e-01
3.965859999999999854e+04 5.296361000000000541e-01
3.967219999999999709e+04 5.298943000000000403e-01
3.968569999999999709e+04 5.301065000000000360e-01
3.969919999999999709e+04 5.303033999999999804e-01
3.971269999999999709e+04 5.305398000000000058e-01
3.972619999999999709e+04 5.307517000000000484e-01
3.973969999999999709e+04 5.309631000000000212e-01
3.975319999999999709e+04 5.312208000000000485e-01
3.976669999999999709e+04 5.314415000000000111e-01
3.978030000000000291e+04 5.316977999999999982e-01
3.979380000000000291e+04 5.318992000000000164e-01
3.980730000000000291e+04 5.320924000000000209e-01
3.982080000000000291e+04 5.323149999999999826e-01
3.983430000000000291e+04 5.324659999999999949e-01
3.984780000000000291e+04 5.326073999999999531e-01
3.986130000000000291e+04 5.327823000000000420e-01
3.987480000000000291e+04 5.329032000000000213e-01
3.988840000000000146e+04 5.330198999999999909e-01
3.990190000000000146e+04 5.331763999999999948e-01
3.991540000000000146e+04 5.332896000000000303e-01
3.992890000000000146e+04 5.333984999999999976e-01
3.994240000000000146e+04 5.335539000000000254e-01
3.995590000000000146e+04 5.336598000000000175e-01
3.996940000000000146e+04 5.337452999999999781e-01
3.998290000000000146e+04 5.338602000000000070e-01
3.999650000000000000e+04 5.339222999999999608e-01
4.001000000000000000e+04 5.339679000000000508e-01
4.002350000000000000e+04 5.340089000000000086e-01
4.003700000000000000e+04 5.340272999999999826e-01
4.005050000000000000e+04 5.340622999999999898e-01
4.006400000000000000e+04 5.340831999999999802e-01
4.007750000000000000e+04 5.341162999999999883e-01
4.009100000000000000e+04 5.341677999999999704e-01
4.010450000000000000e+04 5.341958999999999458e-01
4.011809999999999854e+04 5.342259000000000313e-01
4.013159999999999854e+04 5.342738000000000209e-01
4.014509999999999854e+04 5.342833999999999639e-01
4.015859999999999854e+04 5.342833000000000165e-01
4.017209999999999854e+04 5.343008000000000202e-01
4.018559999999999854e+04 5.342871000000000148e-01
4.019909999999999854e+04 5.342770000000000019e-01
4.021259999999999854e+04 5.342972000000000277e-01
4.022619999999999709e+04 5.342968999999999635e-01
4.023969999999999709e+04 5.343004000000000087e-01
4.025319999999999709e+04 5.343459000000000403e-01
4.026669999999999709e+04 5.343792000000000542e-01
4.028019999999999709e+04 5.344299999999999606e-01
4.029369999999999709e+04 5.344537999999999789e-01
4.030719999999999709e+04 5.344746999999999693e-01
4.032069999999999709e+04 5.345172000000000256e-01
4.033430000000000291e+04 5.345265000000000155e-01
4.034780000000000291e+04 5.345349999999999824e-01
4.036130000000000291e+04 5.345666999999999502e-01
4.037480000000000291e+04 5.345704999999999485e-01
4.038830000000000291e+04 5.345896999999999455e-01
4.040180000000000291e+04 5.346501999999999644e-01
4.041530000000000291e+04 5.346842000000000539e-01
4.042880000000000291e+04 5.347248000000000001e-01
4.044240000000000146e+04 5.348089000000000315e-01
4.045590000000000146e+04 5.348549999999999693e-01
4.046940000000000146e+04 5.349004000000000536e-01
4.048290000000000146e+04 5.349812999999999930e-01
4.049640000000000146e+04 5.350163999999999476e-01
4.050990000000000146e+04 5.350511000000000017e-01
4.052340000000000146e+04 5.351320999999999994e-01
4.053690000000000146e+04 5.351694999999999647e-01
4.055050000000000000e+04 5.352377000000000384e-01
4.056400000000000000e+04 5.352734999999999577e-01
4.057750000000000000e+04 5.353255999999999570e-01
4.059100000000000000e+04 5.354366000000000403e-01
4.060450000000000000e+04 5.355060999999999849e-01
4.061800000000000000e+04 5.355805000000000149e-01
4.063150000000000000e+04 5.357045000000000279e-01
4.064500000000000000e+04 5.357636000000000065e-01
4.065859999999999854e+04 5.358230000000000492e-01
4.067209999999999854e+04 5.359351999999999450e-01
4.068559999999999854e+04 5.359844999999999748e-01
4.069909999999999854e+04 5.360308000000000295e-01
4.071259999999999854e+04 5.361415999999999960e-01
4.072609999999999854e+04 5.361877999999999922e-01
4.073959999999999854e+04 5.362348999999999588e-01
4.075309999999999854e+04 5.363582999999999545e-01
4.076669999999999709e+04 5.364221999999999602e-01
4.078019999999999709e+04 5.365550000000000042e-01
4.079369999999999709e+04 5.366216000000000319e-01
4.080719999999999709e+04 5.366899000000000530e-01
4.082069999999999709e+04 5.368116000000000554e-01
4.083419999999999709e+04 5.368524999999999547e-01
4.084769999999999709e+04 5.368872999999999562e-01
4.086119999999999709e+04 5.369857000000000102e-01
4.087480000000000291e+04 5.370013000000000147e-01
4.088830000000000291e+04 5.370144000000000029e-01
4.090180000000000291e+04 5.371069000000000537e-01
4.091530000000000291e+04 5.371204000000000534e-01
4.092880000000000291e+04 5.371407999999999738e-01
4.094230000000000291e+04 5.372455000000000425e-01
4.095580000000000291e+04 5.372702999999999784e-01
4.096930000000000291e+04 5.372886000000000051e-01
4.098280000000000291e+04 5.373887000000000524e-01
4.099640000000000146e+04 5.373984000000000538e-01
4.100990000000000146e+04 5.373925000000000507e-01
4.102340000000000146e+04 5.374640000000000528e-01
4.103690000000000146e+04 5.374459999999999793e-01
4.105040000000000146e+04 5.375012999999999597e-01
4.106390000000000146e+04 5.374584000000000028e-01
4.107740000000000146e+04 5.374235000000000539e-01
4.109090000000000146e+04 5.374795999999999463e-01
4.110450000000000000e+04 5.374518000000000351e-01
4.111800000000000000e+04 5.374292999999999987e-01
4.113150000000000000e+04 5.375035000000000229e-01
4.114500000000000000e+04 5.374854999999999494e-01
4.115850000000000000e+04 5.374596999999999847e-01
4.117200000000000000e+04 5.375187999999999633e-01
4.118550000000000000e+04 5.374837999999999560e-01
4.119900000000000000e+04 5.374406000000000461e-01
4.121259999999999854e+04 5.374794999999999989e-01
4.122609999999999854e+04 5.374303000000000274e-01
4.123959999999999854e+04 5.373833000000000082e-01
4.125309999999999854e+04 5.374343000000000314e-01
4.126659999999999854e+04 5.374109999999999721e-01
4.128009999999999854e+04 5.374862000000000251e-01
4.129359999999999854e+04 5.374818000000000096e-01
4.130709999999999854e+04 5.374936999999999632e-01
4.132069999999999709e+04 5.376035000000000119e-01
4.133419999999999709e+04 5.376336000000000448e-01
4.134769999999999709e+04 5.376665000000000472e-01
4.136119999999999709e+04 5.377851999999999633e-01
4.137469999999999709e+04 5.378207000000000404e-01
4.138819999999999709e+04 5.378570000000000295e-01
4.140169999999999709e+04 5.379821999999999660e-01
4.141519999999999709e+04 5.380357000000000056e-01
4.142880000000000291e+04 5.381006000000000400e-01
4.144230000000000291e+04 5.382614999999999483e-01
4.145580000000000291e+04 5.383738999999999608e-01
4.146930000000000291e+04 5.385039999999999827e-01
4.148280000000000291e+04 5.387222999999999873e-01
4.149630000000000291e+04 5.388760999999999690e-01
4.150980000000000291e+04 5.390378000000000114e-01
4.152330000000000291e+04 5.392749000000000015e-01
4.153690000000000146e+04 5.394508000000000081e-01
4.155040000000000146e+04 5.397009000000000389e-01
4.156390000000000146e+04 5.398827999999999960e-01
4.157740000000000146e+04 5.400625000000000009e-01
4.159090000000000146e+04 5.403179999999999650e-01
4.160440000000000146e+04 5.405229999999999757e-01
4.161790000000000146e+04 5.407332000000000249e-01
4.163140000000000146e+04 5.410095999999999794e-01
4.164500000000000000e+04 5.412358999999999920e-01
4.165850000000000000e+04 5.414716000000000529e-01
4.167200000000000000e+04 5.417634999999999534e-01
4.168550000000000000e+04 5.419975000000000209e-01
4.169900000000000000e+04 5.422244999999999981e-01
4.171250000000000000e+04 5.424816999999999556e-01
4.172600000000000000e+04 5.426725000000000021e-01
4.173950000000000000e+04 5.428515999999999897e-01
4.175309999999999854e+04 5.430555999999999717e-01
4.176659999999999854e+04 5.432031999999999972e-01
4.178009999999999854e+04 5.433757999999999644e-01
4.179359999999999854e+04 5.435067999999999566e-01
4.180709999999999854e+04 5.436204999999999510e-01
4.182059999999999854e+04 5.437535000000000007e-01
4.183409999999999854e+04 5.438444000000000056e-01
4.184759999999999854e+04 5.439241999999999688e-01
4.186109999999999854e+04 5.440110999999999697e-01
4.187469999999999709e+04 5.440397999999999623e-01
4.188819999999999709e+04 5.440407999999999911e-01
4.190169999999999709e+04 5.440321000000000184e-01
4.191519999999999709e+04 5.439680999999999544e-01
4.192869999999999709e+04 5.438809999999999478e-01
4.194219999999999709e+04 5.437849999999999628e-01
4.195569999999999709e+04 5.436453999999999454e-01
4.196919999999999709e+04 5.434896999999999645e-01
4.198280000000000291e+04 5.433375000000000288e-01
4.199630000000000291e+04 5.431567000000000478e-01
4.200980000000000291e+04 5.429519000000000428e-01
4.202330000000000291e+04 5.427480999999999556e-01
4.203680000000000291e+04 5.425195999999999907e-01
4.205030000000000291e+04 5.422814999999999719e-01
4.206380000000000291e+04 5.420139999999999958e-01
4.207730000000000291e+04 5.417368999999999657e-01
4.209090000000000146e+04 5.414434000000000191e-01
4.210440000000000146e+04 5.411226000000000091e-01
4.211790000000000146e+04 5.407834000000000252e-01
4.213140000000000146e+04 5.404455000000000231e-01
4.214490000000000146e+04 5.400996000000000130e-01
4.215840000000000146e+04 5.397509000000000334e-01
4.217190000000000146e+04 5.394041000000000530e-01
4.218540000000000146e+04 5.390654000000000279e-01
4.219900000000000000e+04 5.387197000000000235e-01
4.221250000000000000e+04 5.383719999999999617e-01
4.222600000000000000e+04 5.380289000000000321e-01
4.223950000000000000e+04 5.376840999999999982e-01
4.225300000000000000e+04 5.373181000000000207e-01
4.226650000000000000e+04 5.369384000000000379e-01
4.228000000000000000e+04 5.365315999999999974e-01
4.229350000000000000e+04 5.361008999999999913e-01
4.230709999999999854e+04 5.356404000000000165e-01
4.232059999999999854e+04 5.351612999999999509e-01
4.233409999999999854e+04 5.346680999999999795e-01
4.234759999999999854e+04 5.341352999999999795e-01
4.236109999999999854e+04 5.335577000000000236e-01
4.237459999999999854e+04 5.329565000000000552e-01
4.238809999999999854e+04 5.323084000000000149e-01
4.240159999999999854e+04 5.315976000000000035e-01
4.241519999999999709e+04 5.308372000000000090e-01
4.242869999999999709e+04 5.300156000000000311e-01
4.244219999999999709e+04 5.290892000000000372e-01
4.245569999999999709e+04 5.280255999999999839e-01
4.246919999999999709e+04 5.268414999999999626e-01
4.248269999999999709e+04 5.255235000000000323e-01
4.249619999999999709e+04 5.240656999999999677e-01
4.250969999999999709e+04 5.223904999999999799e-01
4.252330000000000291e+04 5.205573000000000006e-01
4.253680000000000291e+04 5.185480999999999563e-01
4.255030000000000291e+04 5.163408999999999915e-01
4.256380000000000291e+04 5.138850999999999836e-01
4.257730000000000291e+04 5.111900000000000333e-01
4.259080000000000291e+04 5.082564000000000526e-01
4.260430000000000291e+04 5.050689999999999902e-01
4.261780000000000291e+04 5.015983000000000525e-01
4.263140000000000146e+04 4.977556000000000203e-01
4.264490000000000146e+04 4.936024999999999996e-01
4.265840000000000146e+04 4.891422999999999743e-01
4.267190000000000146e+04 4.843837999999999755e-01
4.268540000000000146e+04 4.792059000000000180e-01
4.269890000000000146e+04 4.736697000000000268e-01
4.271240000000000146e+04 4.678271999999999986e-01
4.272590000000000146e+04 4.616790000000000060e-01
4.273950000000000000e+04 4.551567999999999725e-01
4.275300000000000000e+04 4.482419999999999738e-01
4.276650000000000000e+04 4.410375999999999741e-01
4.278000000000000000e+04 4.335609000000000268e-01
4.279350000000000000e+04 4.257862000000000036e-01
4.280700000000000000e+04 4.175749000000000266e-01
4.282050000000000000e+04 4.091462000000000154e-01
4.283400000000000000e+04 4.004971999999999976e-01
4.284750000000000000e+04 3.916509000000000240e-01
4.286109999999999854e+04 3.824398999999999993e-01
4.287459999999999854e+04 3.730806999999999873e-01
4.288809999999999854e+04 3.636064999999999992e-01
4.290159999999999854e+04 3.540467999999999948e-01
4.291509999999999854e+04 3.442683000000000271e-01
4.292859999999999854e+04 3.344389999999999863e-01
4.294209999999999854e+04 3.246168999999999860e-01
4.295559999999999854e+04 3.147906999999999789e-01
4.296919999999999709e+04 3.049054999999999960e-01
4.298269999999999709e+04 2.950625000000000053e-01
4.299619999999999709e+04 2.852892000000000206e-01
4.300969999999999709e+04 2.756100000000000216e-01
4.302319999999999709e+04 2.660029999999999895e-01
4.303669999999999709e+04 2.564989999999999770e-01
4.305019999999999709e+04 2.471691000000000027e-01
4.306369999999999709e+04 2.379971999999999921e-01
4.307730000000000291e+04 2.289801999999999949e-01
4.309080000000000291e+04 2.201597999999999888e-01
4.310430000000000291e+04 2.115403999999999896e-01
4.311780000000000291e+04 2.031363999999999947e-01
4.313130000000000291e+04 1.949490999999999863e-01
4.314480000000000291e+04 1.869701000000000002e-01
4.315830000000000291e+04 1.792183999999999999e-01
4.317180000000000291e+04 1.717028999999999916e-01
4.318540000000000146e+04 1.643962999999999952e-01
4.319890000000000146e+04 1.573142999999999903e-01
4.321240000000000146e+04 1.504669999999999896e-01
4.322590000000000146e+04 1.438361999999999974e-01
4.323940000000000146e+04 1.374268999999999907e-01
4.325290000000000146e+04 1.312487999999999988e-01
4.326640000000000146e+04 1.252813000000000121e-01
4.327990000000000146e+04 1.195304999999999979e-01
4.329350000000000000e+04 1.139996000000000065e-01
4.330700000000000000e+04 1.086712999999999985e-01
4.332050000000000000e+04 1.035487999999999964e-01
4.333400000000000000e+04 9.861855999999999400e-02
4.334750000000000000e+04 9.388589999999999436e-02
4.336100000000000000e+04 8.934809999999999974e-02
4.337450000000000000e+04 8.498390000000000111e-02
4.338800000000000000e+04 8.079630999999999619e-02
4.340159999999999854e+04 7.679039999999999477e-02
4.341509999999999854e+04 7.294694999999999652e-02
4.342859999999999854e+04 6.926150000000000362e-02
4.344209999999999854e+04 6.573579000000000228e-02
4.345559999999999854e+04 6.236885000000000345e-02
4.346909999999999854e+04 5.915523999999999782e-02
4.348259999999999854e+04 5.608707999999999749e-02
4.349609999999999854e+04 5.315248999999999668e-02
4.350969999999999709e+04 5.036108999999999725e-02
4.352319999999999709e+04 4.770130999999999677e-02
4.353669999999999709e+04 4.516354999999999675e-02
4.355019999999999709e+04 4.274483999999999922e-02
4.356369999999999709e+04 4.045068999999999748e-02
4.357719999999999709e+04 3.826514999999999778e-02
4.359069999999999709e+04 3.618456999999999923e-02
4.360419999999999709e+04 3.420241999999999727e-02
4.361780000000000291e+04 3.233264999999999750e-02
4.363130000000000291e+04 3.055539000000000172e-02
4.364480000000000291e+04 2.886564999999999964e-02
4.365830000000000291e+04 2.725866999999999873e-02
4.367180000000000291e+04 2.574894999999999962e-02
4.368530000000000291e+04 2.431567000000000103e-02
4.369880000000000291e+04 2.295486999999999875e-02
4.371230000000000291e+04 2.166333000000000147e-02
4.372580000000000291e+04 2.045160999999999854e-02
4.373940000000000146e+04 1.930315000000000156e-02
4.375290000000000146e+04 1.821309999999999943e-02
4.376640000000000146e+04 1.718495000000000092e-02
4.377990000000000146e+04 1.622418000000000124e-02
4.379340000000000146e+04 1.531410000000000063e-02
4.380690000000000146e+04 1.444546000000000024e-02
4.382040000000000146e+04 1.362372000000000062e-02
4.383390000000000146e+04 1.285583000000000038e-02
4.384750000000000000e+04 1.213217999999999935e-02
4.386100000000000000e+04 1.144160999999999963e-02
4.387450000000000000e+04 1.079437999999999925e-02
4.388800000000000000e+04 1.018886999999999918e-02
4.390150000000000000e+04 9.619933000000000650e-03
4.391500000000000000e+04 9.075141999999999584e-03
4.392850000000000000e+04 8.568020000000000844e-03
4.394200000000000000e+04 8.093014000000000804e-03
4.395559999999999854e+04 7.647234999999999623e-03
4.396909999999999854e+04 7.214922000000000349e-03
4.398259999999999854e+04 6.814948000000000360e-03
4.399609999999999854e+04 6.442017000000000403e-03
4.400959999999999854e+04 6.092918000000000119e-03
4.402309999999999854e+04 5.755777999999999589e-03
4.403659999999999854e+04 5.442297999999999927e-03
4.405009999999999854e+04 5.152287999999999660e-03
4.406369999999999709e+04 4.877046999999999806e-03
4.407719999999999709e+04 4.609087999999999900e-03
4.409069999999999709e+04 4.357943999999999880e-03
4.410419999999999709e+04 4.129271999999999804e-03
4.411769999999999709e+04 3.914876999999999767e-03
4.413119999999999709e+04 3.709332999999999988e-03
4.414469999999999709e+04 3.514456000000000004e-03
4.415819999999999709e+04 3.339060999999999939e-03
4.417180000000000291e+04 3.168921999999999798e-03
4.418530000000000291e+04 3.004797000000000023e-03
4.419880000000000291e+04 2.846771000000000110e-03
4.421230000000000291e+04 2.709047000000000018e-03
4.422580000000000291e+04 2.574889999999999818e-03
4.423930000000000291e+04 2.444721999999999867e-03
4.425280000000000291e+04 2.318934999999999833e-03
4.426630000000000291e+04 2.207231000000000037e-03
4.427990000000000146e+04 2.100359999999999901e-03
4.429340000000000146e+04 1.995316000000000017e-03
4.430690000000000146e+04 1.896597999999999990e-03
4.432040000000000146e+04 1.807812000000000004e-03
4.433390000000000146e+04 1.724878999999999909e-03
4.434740000000000146e+04 1.640142000000000032e-03
4.436090000000000146e+04 1.562370999999999899e-03
4.437440000000000146e+04 1.491198000000000003e-03
4.438800000000000000e+04 1.426696999999999991e-03
4.440150000000000000e+04 1.357146999999999954e-03
4.441500000000000000e+04 1.293950000000000091e-03
4.442850000000000000e+04 1.236225999999999992e-03
4.444200000000000000e+04 1.182871999999999960e-03
4.445550000000000000e+04 1.124316999999999895e-03
4.446900000000000000e+04 1.069662999999999994e-03
4.448250000000000000e+04 1.023365999999999946e-03
4.449609999999999854e+04 9.843582999999999500e-04
4.450959999999999854e+04 9.435379999999999505e-04
4.452309999999999854e+04 9.019071000000000032e-04
4.453659999999999854e+04 8.666368000000000031e-04
4.455009999999999854e+04 8.311787000000000385e-04
4.456359999999999854e+04 7.946652999999999486e-04
4.457709999999999854e+04 7.551587999999999704e-04
4.459059999999999854e+04 7.239145000000000432e-04
4.460409999999999854e+04 6.937205000000000541e-04
4.461769999999999709e+04 6.632870000000000345e-04
4.463119999999999709e+04 6.323462999999999870e-04
4.464469999999999709e+04 6.092759999999999582e-04
4.465819999999999709e+04 5.902239000000000530e-04
4.467169999999999709e+04 5.672747000000000119e-04
4.468519999999999709e+04 5.411166000000000023e-04
4.469869999999999709e+04 5.167934000000000113e-04
4.471219999999999709e+04 4.971574000000000522e-04
4.472580000000000291e+04 4.730181999999999768e-04
4.473930000000000291e+04 4.512925000000000096e-04
4.475280000000000291e+04 4.328313999999999773e-04
4.476630000000000291e+04 4.248429000000000181e-04
4.477980000000000291e+04 4.116295000000000067e-04
4.479330000000000291e+04 3.953361000000000180e-04
4.480680000000000291e+04 3.788226999999999805e-04
4.482030000000000291e+04 3.670933000000000247e-04
4.483390000000000146e+04 3.544220999999999960e-04
4.484740000000000146e+04 3.369108999999999798e-04
4.486090000000000146e+04 3.228395999999999913e-04
4.487440000000000146e+04 3.117818000000000173e-04
4.488790000000000146e+04 3.035544999999999953e-04
4.490140000000000146e+04 2.869955000000000206e-04
4.491490000000000146e+04 2.730437999999999962e-04
4.492840000000000146e+04 2.614089999999999903e-04
4.494200000000000000e+04 2.531480000000000232e-04
4.495550000000000000e+04 2.422656999999999936e-04
4.496900000000000000e+04 2.324899000000000117e-04
4.498250000000000000e+04 2.281991000000000087e-04
4.499600000000000000e+04 2.231230999999999915e-04
4.500950000000000000e+04 2.156505999999999983e-04
4.502300000000000000e+04 2.046976000000000101e-04
4.503650000000000000e+04 2.009629000000000135e-04
4.505009999999999854e+04 1.965228000000000016e-04
4.506359999999999854e+04 1.903778999999999921e-04
4.507709999999999854e+04 1.778918999999999900e-04
4.509059999999999854e+04 1.703677999999999920e-04
4.510409999999999854e+04 1.658216999999999916e-04
4.511759999999999854e+04 1.591499000000000125e-04
4.513109999999999854e+04 1.512073000000000117e-04
4.514459999999999854e+04 1.446502000000000063e-04
4.515819999999999709e+04 1.428885000000000127e-04
4.517169999999999709e+04 1.343422999999999894e-04
4.518519999999999709e+04 1.223645000000000039e-04
4.519869999999999709e+04 1.135021999999999989e-04
4.521219999999999709e+04 1.123959000000000058e-04
4.522569999999999709e+04 1.109313000000000063e-04
4.523919999999999709e+04 1.066878999999999988e-04
4.525269999999999709e+04 1.017606000000000028e-04
4.526630000000000291e+04 9.924660999999999336e-05
4.527980000000000291e+04 9.956379999999999701e-05
4.529330000000000291e+04 9.417697000000000102e-05
4.530680000000000291e+04 8.974835999999999328e-05
4.532030000000000291e+04 8.655005000000000662e-05
4.533380000000000291e+04 8.847868999999999634e-05
4.534730000000000291e+04 8.604563999999999767e-05
4.536080000000000291e+04 8.109876000000000075e-05
4.537440000000000146e+04 7.607316999999999996e-05
4.538790000000000146e+04 7.457420999999999560e-05
4.540140000000000146e+04 7.395869000000000661e-05
4.541490000000000146e+04 7.009324999999999844e-05
4.542840000000000146e+04 6.672342999999999417e-05
4.544190000000000146e+04 6.401764999999999854e-05
4.545540000000000146e+04 6.260743999999999565e-05
4.546890000000000146e+04 5.943559999999999723e-05
4.548250000000000000e+04 5.736394999999999819e-05
4.549600000000000000e+04 5.775884999999999673e-05
4.550950000000000000e+04 5.684619999999999794e-05
4.552300000000000000e+04 5.384416999999999985e-05
4.553650000000000000e+04 4.945327000000000094e-05
4.555000000000000000e+04 4.923119999999999715e-05
4.556350000000000000e+04 4.996029000000000274e-05
4.557700000000000000e+04 4.880068000000000047e-05
4.559050000000000000e+04 4.273275000000000180e-05
4.560409999999999854e+04 4.028785000000000086e-05
4.561759999999999854e+04 4.138343999999999692e-05
4.563109999999999854e+04 4.185225000000000235e-05
4.564459999999999854e+04 4.014280999999999861e-05
4.565809999999999854e+04 3.638448000000000235e-05
4.567159999999999854e+04 3.557352000000000224e-05
4.568509999999999854e+04 3.450189000000000180e-05
4.569859999999999854e+04 3.364040999999999798e-05
4.571219999999999709e+04 3.147391999999999833e-05
4.572569999999999709e+04 3.056584000000000075e-05
4.573919999999999709e+04 3.082065999999999842e-05
4.575269999999999709e+04 2.916376000000000078e-05
4.576619999999999709e+04 2.731591999999999850e-05
4.577969999999999709e+04 2.525790000000000088e-05
4.579319999999999709e+04 2.553809000000000133e-05
4.580669999999999709e+04 2.455186999999999910e-05
4.582030000000000291e+04 2.238051000000000097e-05
4.583380000000000291e+04 1.851400999999999996e-05
4.584730000000000291e+04 1.686147999999999971e-05
4.586080000000000291e+04 1.679747000000000098e-05
4.587430000000000291e+04 1.531993000000000089e-05
4.588780000000000291e+04 1.480513999999999934e-05
4.590130000000000291e+04 1.519591999999999934e-05
4.591480000000000291e+04 1.654919000000000003e-05
4.592840000000000146e+04 1.633213000000000113e-05
4.594190000000000146e+04 1.545632000000000112e-05
4.595540000000000146e+04 1.399209000000000040e-05
4.596890000000000146e+04 1.386239000000000061e-05
4.598240000000000146e+04 1.425631000000000005e-05
4.599590000000000146e+04 1.281430000000000028e-05
4.600940000000000146e+04 1.201952000000000042e-05
4.602290000000000146e+04 0.000000000000000000e+00
