3.648319999999999709e+04 0.000000000000000000e+00
3.649680000000000291e+04 2.602974999999999926e-05
3.651030000000000291e+04 2.639451000000000015e-05
3.652380000000000291e+04 2.676028000000000055e-05
3.653730000000000291e+04 2.680785000000000118e-05
3.655080000000000291e+04 2.671161000000000089e-05
3.656430000000000291e+04 2.670949999999999898e-05
3.657780000000000291e+04 2.673940000000000016e-05
3.659130000000000291e+04 2.700643000000000157e-05
3.660490000000000146e+04 2.748620000000000121e-05
3.661840000000000146e+04 2.792995999999999915e-05
3.663190000000000146e+04 2.847013999999999979e-05
3.664540000000000146e+04 2.907759000000000022e-05
3.665890000000000146e+04 2.984395000000000079e-05
3.667240000000000146e+04 3.079838999999999906e-05
3.668590000000000146e+04 3.166043000000000139e-05
3.669940000000000146e+04 3.226511999999999848e-05
3.671300000000000000e+04 3.287764000000000121e-05
3.672650000000000000e+04 3.372725000000000137e-05
3.674000000000000000e+04 3.477962999999999687e-05
3.675350000000000000e+04 3.588735000000000124e-05
3.676700000000000000e+04 3.704568000000000205e-05
3.678050000000000000e+04 3.828786000000000038e-05
3.679400000000000000e+04 3.957253000000000311e-05
3.680750000000000000e+04 4.105262000000000201e-05
3.682109999999999854e+04 4.241488999999999871e-05
3.683459999999999854e+04 4.326201000000000086e-05
3.684809999999999854e+04 4.404701000000000097e-05
3.686159999999999854e+04 4.505218000000000070e-05
3.687509999999999854e+04 4.609168000000000320e-05
3.688859999999999854e+04 4.735487000000000084e-05
3.690209999999999854e+04 4.890227999999999963e-05
3.691559999999999854e+04 5.060999999999999825e-05
3.692919999999999709e+04 5.285587000000000119e-05
3.694269999999999709e+04 5.557640999999999938e-05
3.695619999999999709e+04 5.857311999999999800e-05
3.696969999999999709e+04 6.204524999999999689e-05
3.698319999999999709e+04 6.563204000000000054e-05
3.699669999999999709e+04 6.902104000000000485e-05
3.701019999999999709e+04 7.244506000000000600e-05
3.702369999999999709e+04 7.598025000000000492e-05
3.703730000000000291e+04 7.989874999999999798e-05
3.705080000000000291e+04 8.408850999999999359e-05
3.706430000000000291e+04 8.815677000000000062e-05
3.707780000000000291e+04 9.224458999999999361e-05
3.709130000000000291e+04 9.693675000000000663e-05
3.710480000000000291e+04 1.023360999999999976e-04
3.711830000000000291e+04 1.082264000000000045e-04
3.713180000000000291e+04 1.144324999999999992e-04
3.714540000000000146e+04 1.209470000000000060e-04
3.715890000000000146e+04 1.284097000000000049e-04
3.717240000000000146e+04 1.369129000000000017e-04
3.718590000000000146e+04 1.461097000000000014e-04
3.719940000000000146e+04 1.555981999999999971e-04
3.721290000000000146e+04 1.654873999999999972e-04
3.722640000000000146e+04 1.765784999999999967e-04
3.723990000000000146e+04 1.889617999999999973e-04
3.725350000000000000e+04 2.018113000000000036e-04
3.726700000000000000e+04 2.149211000000000047e-04
3.728050000000000000e+04 2.285720999999999998e-04
3.729400000000000000e+04 2.431734000000000120e-04
3.730750000000000000e+04 2.595222999999999801e-04
3.732100000000000000e+04 2.774736999999999993e-04
3.733450000000000000e+04 2.962792000000000008e-04
3.734800000000000000e+04 3.161211000000000251e-04
3.736150000000000000e+04 3.373720999999999881e-04
3.737509999999999854e+04 3.602521000000000130e-04
3.738859999999999854e+04 3.849769000000000173e-04
3.740209999999999854e+04 4.109259000000000089e-04
3.741559999999999854e+04 4.377456000000000055e-04
3.742909999999999854e+04 4.660431999999999834e-04
3.744259999999999854e+04 4.959885000000000032e-04
3.745609999999999854e+04 5.276684999999999709e-04
3.746959999999999854e+04 5.614646000000000046e-04
3.748319999999999709e+04 5.972113000000000465e-04
3.749669999999999709e+04 6.351704000000000334e-04
3.751019999999999709e+04 6.761195999999999699e-04
3.752369999999999709e+04 7.196538999999999844e-04
3.753719999999999709e+04 7.655392999999999703e-04
3.755069999999999709e+04 8.140239999999999976e-04
3.756419999999999709e+04 8.650854999999999830e-04
3.757769999999999709e+04 9.192468000000000297e-04
3.759130000000000291e+04 9.767777000000000924e-04
3.760480000000000291e+04 1.037125999999999977e-03
3.761830000000000291e+04 1.100583999999999937e-03
3.763180000000000291e+04 1.167676999999999994e-03
3.764530000000000291e+04 1.238282000000000055e-03
3.765880000000000291e+04 1.312788999999999970e-03
3.767230000000000291e+04 1.391419000000000076e-03
3.768580000000000291e+04 1.473969000000000104e-03
3.769940000000000146e+04 1.561057000000000026e-03
3.771290000000000146e+04 1.652882999999999956e-03
3.772640000000000146e+04 1.748973000000000021e-03
3.773990000000000146e+04 1.849937000000000066e-03
3.775340000000000146e+04 1.956270999999999878e-03
3.776690000000000146e+04 2.067837999999999794e-03
3.778040000000000146e+04 2.185518000000000009e-03
3.779390000000000146e+04 2.309385000000000170e-03
3.780750000000000000e+04 2.439576000000000158e-03
3.782100000000000000e+04 2.576978000000000168e-03
3.783450000000000000e+04 2.721816000000000166e-03
3.784800000000000000e+04 2.874343000000000124e-03
3.786150000000000000e+04 3.035565999999999959e-03
3.787500000000000000e+04 3.205920000000000124e-03
3.788850000000000000e+04 3.385843999999999833e-03
3.790200000000000000e+04 3.576273000000000039e-03
3.791559999999999854e+04 3.777662000000000207e-03
3.792909999999999854e+04 3.990951999999999868e-03
3.794259999999999854e+04 4.217547999999999783e-03
3.795609999999999854e+04 4.457983999999999905e-03
3.796959999999999854e+04 4.713377999999999839e-03
3.798309999999999854e+04 4.985449999999999778e-03
3.799659999999999854e+04 5.274825999999999820e-03
3.801009999999999854e+04 5.582720999999999691e-03
3.802369999999999709e+04 5.911121000000000084e-03
3.803719999999999709e+04 6.261664000000000119e-03
3.805069999999999709e+04 6.636269999999999669e-03
3.806419999999999709e+04 7.037390000000000138e-03
3.807769999999999709e+04 7.466574999999999601e-03
3.809119999999999709e+04 7.925905000000000450e-03
3.810469999999999709e+04 8.418965000000000476e-03
3.811819999999999709e+04 8.948239000000000193e-03
3.813180000000000291e+04 9.516270999999999758e-03
3.814530000000000291e+04 1.012727000000000072e-02
3.815880000000000291e+04 1.078472999999999932e-02
3.817230000000000291e+04 1.149267999999999991e-02
3.818580000000000291e+04 1.225690999999999933e-02
3.819930000000000291e+04 1.308151999999999926e-02
3.821280000000000291e+04 1.397117999999999971e-02
3.822630000000000291e+04 1.493380000000000055e-02
3.823980000000000291e+04 1.597544000000000047e-02
3.825340000000000146e+04 1.710174000000000069e-02
3.826690000000000146e+04 1.832164999999999835e-02
3.828040000000000146e+04 1.964116000000000126e-02
3.829390000000000146e+04 2.107163000000000092e-02
3.830740000000000146e+04 2.262236999999999928e-02
3.832090000000000146e+04 2.430233000000000046e-02
3.833440000000000146e+04 2.612609000000000112e-02
3.834790000000000146e+04 2.810512000000000080e-02
3.836150000000000000e+04 3.025080999999999951e-02
3.837500000000000000e+04 3.258169000000000343e-02
3.838850000000000000e+04 3.511144000000000071e-02
3.840200000000000000e+04 3.785337999999999897e-02
3.841550000000000000e+04 4.082977000000000134e-02
3.842900000000000000e+04 4.405602000000000129e-02
3.844250000000000000e+04 4.754672000000000065e-02
3.845600000000000000e+04 5.132811000000000318e-02
3.846959999999999854e+04 5.541705000000000242e-02
3.848309999999999854e+04 5.982950000000000074e-02
3.849659999999999854e+04 6.459462000000000537e-02
3.851009999999999854e+04 6.972309999999999619e-02
3.852359999999999854e+04 7.524558000000000635e-02
3.853709999999999854e+04 8.117707000000000395e-02
3.855059999999999854e+04 8.752851999999999855e-02
3.856409999999999854e+04 9.432851999999999904e-02
3.857769999999999709e+04 1.015841999999999995e-01
3.859119999999999709e+04 1.092960000000000043e-01
3.860469999999999709e+04 1.174865999999999966e-01
3.861819999999999709e+04 1.261519000000000112e-01
3.863169999999999709e+04 1.352800000000000114e-01
3.864519999999999709e+04 1.448832999999999926e-01
3.865869999999999709e+04 1.549416999999999878e-01
3.867219999999999709e+04 1.654265000000000041e-01
3.868580000000000291e+04 1.763374000000000053e-01
3.869930000000000291e+04 1.876379999999999992e-01
3.871280000000000291e+04 1.992819999999999869e-01
3.872630000000000291e+04 2.112525000000000097e-01
3.873980000000000291e+04 2.234938999999999953e-01
3.875330000000000291e+04 2.359428000000000081e-01
3.876680000000000291e+04 2.485703999999999969e-01
3.878030000000000291e+04 2.612960999999999756e-01
3.879390000000000146e+04 2.740832000000000268e-01
3.880740000000000146e+04 2.868566000000000171e-01
3.882090000000000146e+04 2.995460999999999818e-01
3.883440000000000146e+04 3.121221000000000134e-01
3.884790000000000146e+04 3.245135000000000103e-01
3.886140000000000146e+04 3.366579000000000099e-01
3.887490000000000146e+04 3.485346999999999751e-01
3.888840000000000146e+04 3.600856000000000057e-01
3.890200000000000000e+04 3.712696999999999803e-01
3.891550000000000000e+04 3.820795000000000163e-01
3.892900000000000000e+04 3.924755999999999800e-01
3.894250000000000000e+04 4.024325000000000263e-01
3.895600000000000000e+04 4.119576999999999822e-01
3.896950000000000000e+04 4.210272999999999932e-01
3.898300000000000000e+04 4.296350999999999920e-01
3.899650000000000000e+04 4.377979000000000176e-01
3.901009999999999854e+04 4.455149999999999944e-01
3.902359999999999854e+04 4.527977999999999725e-01
3.903709999999999854e+04 4.596624999999999739e-01
3.905059999999999854e+04 4.661271000000000164e-01
3.906409999999999854e+04 4.721973999999999894e-01
3.907759999999999854e+04 4.779038999999999926e-01
3.909109999999999854e+04 4.832743999999999929e-01
3.910459999999999854e+04 4.883040000000000158e-01
3.911819999999999709e+04 4.930230999999999919e-01
3.913169999999999709e+04 4.974615000000000009e-01
3.914519999999999709e+04 5.016032000000000268e-01
3.915869999999999709e+04 5.054804000000000519e-01
3.917219999999999709e+04 5.091276000000000135e-01
3.918569999999999709e+04 5.125197999999999698e-01
3.919919999999999709e+04 5.156880000000000353e-01
3.921269999999999709e+04 5.186714000000000047e-01
3.922619999999999709e+04 5.214326999999999712e-01
3.923980000000000291e+04 5.240046000000000426e-01
3.925330000000000291e+04 5.264324999999999699e-01
3.926680000000000291e+04 5.286684000000000383e-01
3.928030000000000291e+04 5.307739000000000207e-01
3.929380000000000291e+04 5.327058999999999545e-01
3.930730000000000291e+04 5.344957999999999654e-01
3.932080000000000291e+04 5.361827000000000121e-01
3.933430000000000291e+04 5.377144000000000368e-01
3.934790000000000146e+04 5.391295000000000393e-01
3.936140000000000146e+04 5.404660000000000020e-01
3.937490000000000146e+04 5.416636999999999702e-01
3.938840000000000146e+04 5.427680999999999756e-01
3.940190000000000146e+04 5.438165999999999833e-01
3.941540000000000146e+04 5.447440000000000060e-01
3.942890000000000146e+04 5.455970999999999460e-01
3.944240000000000146e+04 5.464153999999999956e-01
3.945600000000000000e+04 5.471253000000000366e-01
3.946950000000000000e+04 5.477758999999999823e-01
3.948300000000000000e+04 5.484113000000000460e-01
3.949650000000000000e+04 5.489496999999999849e-01
3.951000000000000000e+04 5.494883000000000406e-01
3.952350000000000000e+04 5.499418999999999835e-01
3.953700000000000000e+04 5.503523999999999639e-01
3.955050000000000000e+04 5.507775999999999783e-01
3.956409999999999854e+04 5.511298000000000030e-01
3.957759999999999854e+04 5.514529999999999710e-01
3.959109999999999854e+04 5.518009000000000386e-01
3.960459999999999854e+04 5.520857000000000125e-01
3.961809999999999854e+04 5.523491000000000373e-01
3.963159999999999854e+04 5.526398000000000144e-01
3.964509999999999854e+04 5.528756999999999699e-01
3.965859999999999854e+04 5.530968000000000551e-01
3.967219999999999709e+04 5.533500000000000085e-01
3.968569999999999709e+04 5.535535000000000316e-01
3.969919999999999709e+04 5.537471000000000476e-01
3.971269999999999709e+04 5.539768000000000470e-01
3.972619999999999709e+04 5.541597000000000328e-01
3.973969999999999709e+04 5.543413999999999842e-01
3.975319999999999709e+04 5.545619999999999994e-01
3.976669999999999709e+04 5.547372999999999887e-01
3.978030000000000291e+04 5.549583000000000155e-01
3.979380000000000291e+04 5.551279999999999548e-01
3.980730000000000291e+04 5.552958999999999534e-01
3.982080000000000291e+04 5.555071999999999788e-01
3.983430000000000291e+04 5.556710000000000260e-01
3.984780000000000291e+04 5.558315000000000339e-01
3.986130000000000291e+04 5.560351000000000043e-01
3.987480000000000291e+04 5.561952999999999481e-01
3.988840000000000146e+04 5.563498000000000054e-01
3.990190000000000146e+04 5.565484000000000542e-01
3.991540000000000146e+04 5.567062000000000399e-01
3.992890000000000146e+04 5.568596000000000101e-01
3.994240000000000146e+04 5.570549000000000195e-01
3.995590000000000146e+04 5.572106999999999477e-01
3.996940000000000146e+04 5.573628000000000471e-01
3.998290000000000146e+04 5.575510000000000188e-01
3.999650000000000000e+04 5.577016999999999669e-01
4.001000000000000000e+04 5.578476999999999464e-01
4.002350000000000000e+04 5.579941000000000484e-01
4.003700000000000000e+04 5.581215000000000481e-01
4.005050000000000000e+04 5.582696999999999798e-01
4.006400000000000000e+04 5.583930999999999756e-01
4.007750000000000000e+04 5.585179000000000116e-01
4.009100000000000000e+04 5.586680000000000534e-01
4.010450000000000000e+04 5.587923000000000195e-01
4.011809999999999854e+04 5.589165000000000383e-01
4.013159999999999854e+04 5.590682000000000151e-01
4.014509999999999854e+04 5.591933000000000042e-01
4.015859999999999854e+04 5.593164999999999942e-01
4.017209999999999854e+04 5.594639000000000140e-01
4.018559999999999854e+04 5.595869999999999456e-01
4.019909999999999854e+04 5.597052999999999612e-01
4.021259999999999854e+04 5.598505000000000287e-01
4.022619999999999709e+04 5.599756000000000178e-01
4.023969999999999709e+04 5.600969999999999560e-01
4.025319999999999709e+04 5.602466999999999864e-01
4.026669999999999709e+04 5.603738999999999804e-01
4.028019999999999709e+04 5.605272999999999506e-01
4.029369999999999709e+04 5.606520999999999866e-01
4.030719999999999709e+04 5.607807999999999682e-01
4.032069999999999709e+04 5.609380999999999950e-01
4.033430000000000291e+04 5.610610000000000319e-01
4.034780000000000291e+04 5.611859999999999626e-01
4.036130000000000291e+04 5.613426000000000249e-01
4.037480000000000291e+04 5.614651999999999976e-01
4.038830000000000291e+04 5.615873999999999588e-01
4.040180000000000291e+04 5.617488000000000481e-01
4.041530000000000291e+04 5.618739999999999846e-01
4.042880000000000291e+04 5.619971000000000272e-01
4.044240000000000146e+04 5.621623000000000037e-01
4.045590000000000146e+04 5.622888000000000330e-01
4.046940000000000146e+04 5.624114999999999531e-01
4.048290000000000146e+04 5.625740999999999659e-01
4.049640000000000146e+04 5.626967000000000496e-01
4.050990000000000146e+04 5.628115000000000201e-01
4.052340000000000146e+04 5.629686999999999886e-01
4.053690000000000146e+04 5.630827999999999944e-01
4.055050000000000000e+04 5.632403999999999744e-01
4.056400000000000000e+04 5.633479999999999599e-01
4.057750000000000000e+04 5.634565999999999741e-01
4.059100000000000000e+04 5.636177999999999466e-01
4.060450000000000000e+04 5.637214999999999865e-01
4.061800000000000000e+04 5.638262000000000551e-01
4.063150000000000000e+04 5.639863000000000515e-01
4.064500000000000000e+04 5.640853000000000117e-01
4.065859999999999854e+04 5.641787000000000329e-01
4.067209999999999854e+04 5.643310000000000271e-01
4.068559999999999854e+04 5.644196000000000213e-01
4.069909999999999854e+04 5.644993000000000372e-01
4.071259999999999854e+04 5.646432999999999591e-01
4.072609999999999854e+04 5.647210000000000285e-01
4.073959999999999854e+04 5.647942000000000240e-01
4.075309999999999854e+04 5.649336999999999831e-01
4.076669999999999709e+04 5.650085000000000246e-01
4.078019999999999709e+04 5.651505000000000001e-01
4.079369999999999709e+04 5.652177000000000451e-01
4.080719999999999709e+04 5.652869999999999839e-01
4.082069999999999709e+04 5.654299999999999882e-01
4.083419999999999709e+04 5.654924000000000062e-01
4.084769999999999709e+04 5.655518000000000489e-01
4.086119999999999709e+04 5.656906000000000434e-01
4.087480000000000291e+04 5.657469999999999999e-01
4.088830000000000291e+04 5.658022000000000329e-01
4.090180000000000291e+04 5.659406999999999632e-01
4.091530000000000291e+04 5.659992000000000356e-01
4.092880000000000291e+04 5.660545999999999633e-01
4.094230000000000291e+04 5.661964000000000441e-01
4.095580000000000291e+04 5.662591999999999626e-01
4.096930000000000291e+04 5.663184999999999469e-01
4.098280000000000291e+04 5.664649999999999963e-01
4.099640000000000146e+04 5.665276000000000201e-01
4.100990000000000146e+04 5.665898000000000323e-01
4.102340000000000146e+04 5.667362000000000233e-01
4.103690000000000146e+04 5.667967000000000422e-01
4.105040000000000146e+04 5.669486999999999721e-01
4.106390000000000146e+04 5.670081000000000149e-01
4.107740000000000146e+04 5.670682000000000222e-01
4.109090000000000146e+04 5.672251999999999850e-01
4.110450000000000000e+04 5.672916999999999543e-01
4.111800000000000000e+04 5.673567999999999945e-01
4.113150000000000000e+04 5.675202000000000302e-01
4.114500000000000000e+04 5.675915999999999739e-01
4.115850000000000000e+04 5.676601999999999482e-01
4.117200000000000000e+04 5.678193000000000268e-01
4.118550000000000000e+04 5.678881000000000068e-01
4.119900000000000000e+04 5.679522000000000181e-01
4.121259999999999854e+04 5.681051999999999769e-01
4.122609999999999854e+04 5.681650000000000311e-01
4.123959999999999854e+04 5.682247999999999744e-01
4.125309999999999854e+04 5.683728999999999587e-01
4.126659999999999854e+04 5.684276999999999802e-01
4.128009999999999854e+04 5.685782000000000336e-01
4.129359999999999854e+04 5.686339000000000254e-01
4.130709999999999854e+04 5.686870000000000536e-01
4.132069999999999709e+04 5.688292000000000348e-01
4.133419999999999709e+04 5.688800999999999997e-01
4.134769999999999709e+04 5.689227999999999508e-01
4.136119999999999709e+04 5.690503000000000089e-01
4.137469999999999709e+04 5.690868000000000038e-01
4.138819999999999709e+04 5.691178999999999544e-01
4.140169999999999709e+04 5.692260000000000097e-01
4.141519999999999709e+04 5.692462999999999829e-01
4.142880000000000291e+04 5.692644999999999511e-01
4.144230000000000291e+04 5.693591000000000069e-01
4.145580000000000291e+04 5.693688999999999556e-01
4.146930000000000291e+04 5.693791999999999742e-01
4.148280000000000291e+04 5.694639999999999702e-01
4.149630000000000291e+04 5.694614999999999538e-01
4.150980000000000291e+04 5.694576999999999556e-01
4.152330000000000291e+04 5.695249999999999480e-01
4.153690000000000146e+04 5.695109000000000421e-01
4.155040000000000146e+04 5.695616000000000012e-01
4.156390000000000146e+04 5.695384000000000002e-01
4.157740000000000146e+04 5.695084000000000257e-01
4.159090000000000146e+04 5.695392999999999706e-01
4.160440000000000146e+04 5.694997000000000531e-01
4.161790000000000146e+04 5.694601000000000246e-01
4.163140000000000146e+04 5.694772000000000167e-01
4.164500000000000000e+04 5.694272999999999696e-01
4.165850000000000000e+04 5.693778999999999924e-01
4.167200000000000000e+04 5.693835000000000424e-01
4.168550000000000000e+04 5.693207999999999602e-01
4.169900000000000000e+04 5.692563000000000484e-01
4.171250000000000000e+04 5.692395999999999567e-01
4.172600000000000000e+04 5.691686999999999719e-01
4.173950000000000000e+04 5.690939000000000414e-01
4.175309999999999854e+04 5.690600999999999576e-01
4.176659999999999854e+04 5.689817000000000347e-01
4.178009999999999854e+04 5.689370000000000260e-01
4.179359999999999854e+04 5.688530000000000530e-01
4.180709999999999854e+04 5.687710000000000266e-01
4.182059999999999854e+04 5.687223999999999613e-01
4.183409999999999854e+04 5.686362999999999834e-01
4.184759999999999854e+04 5.685529999999999751e-01
4.186109999999999854e+04 5.684997000000000522e-01
4.187469999999999709e+04 5.684147000000000505e-01
4.188819999999999709e+04 5.683272999999999797e-01
4.190169999999999709e+04 5.682658000000000431e-01
4.191519999999999709e+04 5.681785000000000307e-01
4.192869999999999709e+04 5.680884000000000489e-01
4.194219999999999709e+04 5.680190999999999990e-01
4.195569999999999709e+04 5.679330000000000211e-01
4.196919999999999709e+04 5.678467000000000375e-01
4.198280000000000291e+04 5.677761000000000058e-01
4.199630000000000291e+04 5.676961999999999842e-01
4.200980000000000291e+04 5.676204999999999723e-01
4.202330000000000291e+04 5.675569999999999782e-01
4.203680000000000291e+04 5.674841000000000468e-01
4.205030000000000291e+04 5.674242000000000452e-01
4.206380000000000291e+04 5.673559999999999715e-01
4.207730000000000291e+04 5.672884000000000260e-01
4.209090000000000146e+04 5.672281000000000128e-01
4.210440000000000146e+04 5.671659000000000006e-01
4.211790000000000146e+04 5.671021000000000534e-01
4.213140000000000146e+04 5.670408999999999589e-01
4.214490000000000146e+04 5.669809999999999572e-01
4.215840000000000146e+04 5.669243999999999950e-01
4.217190000000000146e+04 5.668661999999999868e-01
4.218540000000000146e+04 5.668109999999999538e-01
4.219900000000000000e+04 5.667598000000000358e-01
4.221250000000000000e+04 5.667081999999999953e-01
4.222600000000000000e+04 5.666588000000000180e-01
4.223950000000000000e+04 5.666126999999999692e-01
4.225300000000000000e+04 5.665635999999999450e-01
4.226650000000000000e+04 5.665156000000000081e-01
4.228000000000000000e+04 5.664590000000000458e-01
4.229350000000000000e+04 5.664074000000000053e-01
4.230709999999999854e+04 5.663527000000000422e-01
4.232059999999999854e+04 5.662854999999999972e-01
4.233409999999999854e+04 5.662198999999999982e-01
4.234759999999999854e+04 5.661545999999999523e-01
4.236109999999999854e+04 5.660829000000000555e-01
4.237459999999999854e+04 5.660186999999999857e-01
4.238809999999999854e+04 5.659612000000000531e-01
4.240159999999999854e+04 5.659053000000000555e-01
4.241519999999999709e+04 5.658596000000000181e-01
4.242869999999999709e+04 5.658180000000000431e-01
4.244219999999999709e+04 5.657780000000000031e-01
4.245569999999999709e+04 5.657465999999999884e-01
4.246919999999999709e+04 5.657136999999999860e-01
4.248269999999999709e+04 5.656752000000000447e-01
4.249619999999999709e+04 5.656417000000000250e-01
4.250969999999999709e+04 5.656046999999999603e-01
4.252330000000000291e+04 5.655603000000000158e-01
4.253680000000000291e+04 5.655191000000000523e-01
4.255030000000000291e+04 5.654776000000000247e-01
4.256380000000000291e+04 5.654373000000000316e-01
4.257730000000000291e+04 5.653966000000000269e-01
4.259080000000000291e+04 5.653570999999999458e-01
4.260430000000000291e+04 5.653190000000000159e-01
4.261780000000000291e+04 5.652787000000000228e-01
4.263140000000000146e+04 5.652393999999999474e-01
4.264490000000000146e+04 5.651983999999999897e-01
4.265840000000000146e+04 5.651540999999999926e-01
4.267190000000000146e+04 5.651078999999999963e-01
4.268540000000000146e+04 5.650536999999999921e-01
4.269890000000000146e+04 5.649969000000000241e-01
4.271240000000000146e+04 5.649423000000000084e-01
4.272590000000000146e+04 5.648763999999999452e-01
4.273950000000000000e+04 5.648090000000000055e-01
4.275300000000000000e+04 5.647505999999999915e-01
4.276650000000000000e+04 5.646811999999999943e-01
4.278000000000000000e+04 5.646103999999999568e-01
4.279350000000000000e+04 5.645529999999999715e-01
4.280700000000000000e+04 5.644854000000000260e-01
4.282050000000000000e+04 5.644284999999999997e-01
4.283400000000000000e+04 5.643553999999999515e-01
4.284750000000000000e+04 5.642800000000000038e-01
4.286109999999999854e+04 5.642171000000000269e-01
4.287459999999999854e+04 5.641325999999999841e-01
4.288809999999999854e+04 5.640446999999999544e-01
4.290159999999999854e+04 5.639741999999999811e-01
4.291509999999999854e+04 5.638826000000000116e-01
4.292859999999999854e+04 5.637881000000000142e-01
4.294209999999999854e+04 5.637145999999999546e-01
4.295559999999999854e+04 5.636208999999999802e-01
4.296919999999999709e+04 5.635259999999999714e-01
4.298269999999999709e+04 5.634533999999999931e-01
4.299619999999999709e+04 5.633578000000000197e-01
4.300969999999999709e+04 5.632614000000000232e-01
4.302319999999999709e+04 5.631872999999999463e-01
4.303669999999999709e+04 5.630851999999999524e-01
4.305019999999999709e+04 5.630095000000000516e-01
4.306369999999999709e+04 5.629060000000000175e-01
4.307730000000000291e+04 5.627997999999999612e-01
4.309080000000000291e+04 5.627202999999999511e-01
4.310430000000000291e+04 5.626132000000000355e-01
4.311780000000000291e+04 5.625054999999999916e-01
4.313130000000000291e+04 5.624261999999999873e-01
4.314480000000000291e+04 5.623169999999999558e-01
4.315830000000000291e+04 5.622084000000000525e-01
4.317180000000000291e+04 5.621296999999999544e-01
4.318540000000000146e+04 5.620184000000000291e-01
4.319890000000000146e+04 5.619062000000000223e-01
4.321240000000000146e+04 5.618254000000000303e-01
4.322590000000000146e+04 5.617109000000000130e-01
4.323940000000000146e+04 5.615936000000000261e-01
4.325290000000000146e+04 5.615067999999999726e-01
4.326640000000000146e+04 5.613869999999999694e-01
4.327990000000000146e+04 5.612650000000000139e-01
4.329350000000000000e+04 5.611728999999999745e-01
4.330700000000000000e+04 5.610488000000000142e-01
4.332050000000000000e+04 5.609562000000000159e-01
4.333400000000000000e+04 5.608301999999999454e-01
4.334750000000000000e+04 5.607026999999999983e-01
4.336100000000000000e+04 5.606073999999999780e-01
4.337450000000000000e+04 5.604797999999999725e-01
4.338800000000000000e+04 5.603508000000000377e-01
4.340159999999999854e+04 5.602500999999999731e-01
4.341509999999999854e+04 5.601173999999999875e-01
4.342859999999999854e+04 5.599807999999999453e-01
4.344209999999999854e+04 5.598697999999999730e-01
4.345559999999999854e+04 5.597246000000000166e-01
4.346909999999999854e+04 5.595771999999999968e-01
4.348259999999999854e+04 5.594535999999999953e-01
4.349609999999999854e+04 5.592854999999999910e-01
4.350969999999999709e+04 5.591135000000000410e-01
4.352319999999999709e+04 5.589536999999999978e-01
4.353669999999999709e+04 5.587754000000000332e-01
4.355019999999999709e+04 5.586058999999999886e-01
4.356369999999999709e+04 5.584185000000000398e-01
4.357719999999999709e+04 5.582272000000000345e-01
4.359069999999999709e+04 5.580401000000000389e-01
4.360419999999999709e+04 5.578351999999999755e-01
4.361780000000000291e+04 5.576233999999999913e-01
4.363130000000000291e+04 5.574135000000000062e-01
4.364480000000000291e+04 5.571874999999999467e-01
4.365830000000000291e+04 5.569545000000000190e-01
4.367180000000000291e+04 5.567214999999999803e-01
4.368530000000000291e+04 5.564759999999999707e-01
4.369880000000000291e+04 5.562247999999999637e-01
4.371230000000000291e+04 5.559712999999999461e-01
4.372580000000000291e+04 5.557094999999999674e-01
4.373940000000000146e+04 5.554424999999999502e-01
4.375290000000000146e+04 5.551719999999999988e-01
4.376640000000000146e+04 5.548942999999999515e-01
4.377990000000000146e+04 5.546136000000000399e-01
4.379340000000000146e+04 5.543268999999999558e-01
4.380690000000000146e+04 5.540374999999999606e-01
4.382040000000000146e+04 5.537393000000000454e-01
4.383390000000000146e+04 5.534413000000000249e-01
4.384750000000000000e+04 5.531399000000000177e-01
4.386100000000000000e+04 5.528313999999999728e-01
4.387450000000000000e+04 5.525255999999999501e-01
4.388800000000000000e+04 5.522196999999999800e-01
4.390150000000000000e+04 5.519049000000000316e-01
4.391500000000000000e+04 5.515984999999999916e-01
4.392850000000000000e+04 5.512930999999999804e-01
4.394200000000000000e+04 5.509798999999999669e-01
4.395559999999999854e+04 5.506788999999999712e-01
4.396909999999999854e+04 5.503799999999999804e-01
4.398259999999999854e+04 5.501454000000000066e-01
4.399609999999999854e+04 5.498878000000000377e-01
4.400959999999999854e+04 5.496334000000000497e-01
4.402309999999999854e+04 5.494044999999999623e-01
4.403659999999999854e+04 5.491563000000000416e-01
4.405009999999999854e+04 5.489328999999999459e-01
4.406369999999999709e+04 5.486927999999999805e-01
4.407719999999999709e+04 5.484573000000000365e-01
4.409069999999999709e+04 5.482494999999999452e-01
4.410419999999999709e+04 5.480266999999999777e-01
4.411769999999999709e+04 5.478119999999999656e-01
4.413119999999999709e+04 5.476223000000000063e-01
4.414469999999999709e+04 5.474206999999999823e-01
4.415819999999999709e+04 5.472245999999999500e-01
4.417180000000000291e+04 5.470530000000000115e-01
4.418530000000000291e+04 5.468678000000000150e-01
4.419880000000000291e+04 5.466870000000000340e-01
4.421230000000000291e+04 5.465284999999999727e-01
4.422580000000000291e+04 5.463563999999999643e-01
4.423930000000000291e+04 5.461896000000000528e-01
4.425280000000000291e+04 5.460437000000000207e-01
4.426630000000000291e+04 5.458865999999999996e-01
4.427990000000000146e+04 5.457324000000000064e-01
4.429340000000000146e+04 5.456010999999999500e-01
4.430690000000000146e+04 5.454556999999999878e-01
4.432040000000000146e+04 5.453329999999999567e-01
4.433390000000000146e+04 5.451953999999999967e-01
4.434740000000000146e+04 5.450627000000000111e-01
4.436090000000000146e+04 5.449513000000000273e-01
4.437440000000000146e+04 5.448248999999999453e-01
4.438800000000000000e+04 5.447011000000000491e-01
4.440150000000000000e+04 5.445993000000000084e-01
4.441500000000000000e+04 5.444814999999999516e-01
4.442850000000000000e+04 5.443647000000000347e-01
4.444200000000000000e+04 5.442711999999999550e-01
4.445550000000000000e+04 5.441392000000000451e-01
4.446900000000000000e+04 5.440093000000000290e-01
4.448250000000000000e+04 5.438823999999999881e-01
4.449609999999999854e+04 5.437528999999999835e-01
4.450959999999999854e+04 5.436225999999999559e-01
4.452309999999999854e+04 5.435001000000000415e-01
4.453659999999999854e+04 5.433694000000000024e-01
4.455009999999999854e+04 5.432460999999999540e-01
4.456359999999999854e+04 5.431141000000000441e-01
4.457709999999999854e+04 5.429815999999999532e-01
4.459059999999999854e+04 5.428589000000000331e-01
4.460409999999999854e+04 5.427235000000000253e-01
4.461769999999999709e+04 5.425885999999999765e-01
4.463119999999999709e+04 5.424660999999999511e-01
4.464469999999999709e+04 5.423303000000000429e-01
4.465819999999999709e+04 5.421907000000000254e-01
4.467169999999999709e+04 5.420669999999999655e-01
4.468519999999999709e+04 5.419241000000000197e-01
4.469869999999999709e+04 5.417796000000000278e-01
4.471219999999999709e+04 5.416509000000000462e-01
4.472580000000000291e+04 5.415008000000000044e-01
4.473930000000000291e+04 5.413480000000000514e-01
4.475280000000000291e+04 5.412154000000000131e-01
4.476630000000000291e+04 5.410565999999999987e-01
4.477980000000000291e+04 5.408931999999999629e-01
4.479330000000000291e+04 5.407549000000000383e-01
4.480680000000000291e+04 5.405856999999999468e-01
4.482030000000000291e+04 5.404427000000000536e-01
4.483390000000000146e+04 5.402651000000000536e-01
4.484740000000000146e+04 5.400852999999999904e-01
4.486090000000000146e+04 5.399329999999999963e-01
4.487440000000000146e+04 5.397450000000000303e-01
4.488790000000000146e+04 5.395533999999999608e-01
4.490140000000000146e+04 5.393953000000000220e-01
4.491490000000000146e+04 5.391989000000000365e-01
4.492840000000000146e+04 5.389968000000000536e-01
4.494200000000000000e+04 5.388309000000000015e-01
4.495550000000000000e+04 5.386121999999999854e-01
4.496900000000000000e+04 5.383913000000000171e-01
4.498250000000000000e+04 5.381981000000000126e-01
4.499600000000000000e+04 5.379669999999999730e-01
4.500950000000000000e+04 5.377311000000000174e-01
4.502300000000000000e+04 5.375296000000000518e-01
4.503650000000000000e+04 5.372848999999999542e-01
4.505009999999999854e+04 5.370728999999999642e-01
4.506359999999999854e+04 5.368182000000000231e-01
4.507709999999999854e+04 5.365577999999999737e-01
4.509059999999999854e+04 5.363356000000000234e-01
4.510409999999999854e+04 5.360633999999999677e-01
4.511759999999999854e+04 5.357876000000000305e-01
4.513109999999999854e+04 5.355512000000000050e-01
4.514459999999999854e+04 5.352673000000000014e-01
4.515819999999999709e+04 5.349774999999999947e-01
4.517169999999999709e+04 5.347298000000000329e-01
4.518519999999999709e+04 5.344330000000000469e-01
4.519869999999999709e+04 5.341308999999999640e-01
4.521219999999999709e+04 5.338724999999999721e-01
4.522569999999999709e+04 5.335587999999999997e-01
4.523919999999999709e+04 5.332430000000000225e-01
4.525269999999999709e+04 5.329711000000000309e-01
4.526630000000000291e+04 5.326444999999999652e-01
4.527980000000000291e+04 5.323118000000000016e-01
4.529330000000000291e+04 5.320272999999999808e-01
4.530680000000000291e+04 5.316895999999999844e-01
4.532030000000000291e+04 5.313991999999999605e-01
4.533380000000000291e+04 5.310553000000000079e-01
4.534730000000000291e+04 5.307081999999999633e-01
4.536080000000000291e+04 5.304149000000000225e-01
4.537440000000000146e+04 5.300660000000000371e-01
4.538790000000000146e+04 5.297150999999999943e-01
4.540140000000000146e+04 5.294132999999999756e-01
4.541490000000000146e+04 5.290597999999999690e-01
4.542840000000000146e+04 5.287045999999999690e-01
4.544190000000000146e+04 5.283959999999999768e-01
4.545540000000000146e+04 5.280340000000000034e-01
4.546890000000000146e+04 5.276678999999999675e-01
4.548250000000000000e+04 5.273514000000000257e-01
4.549600000000000000e+04 5.269840000000000080e-01
4.550950000000000000e+04 5.266172999999999549e-01
4.552300000000000000e+04 5.262976999999999794e-01
4.553650000000000000e+04 5.259327000000000307e-01
4.555000000000000000e+04 5.256136999999999615e-01
4.556350000000000000e+04 5.252487000000000128e-01
4.557700000000000000e+04 5.248874000000000040e-01
4.559050000000000000e+04 5.245701999999999865e-01
4.560409999999999854e+04 5.242113999999999940e-01
4.561759999999999854e+04 5.238502999999999910e-01
4.563109999999999854e+04 5.235324000000000089e-01
4.564459999999999854e+04 5.231763999999999859e-01
4.565809999999999854e+04 5.228218999999999506e-01
4.567159999999999854e+04 5.225058000000000202e-01
4.568509999999999854e+04 5.221514999999999906e-01
4.569859999999999854e+04 5.218024999999999469e-01
4.571219999999999709e+04 5.214881000000000100e-01
4.572569999999999709e+04 5.211407999999999596e-01
4.573919999999999709e+04 5.207916999999999685e-01
4.575269999999999709e+04 5.204756000000000382e-01
4.576619999999999709e+04 5.201316000000000273e-01
4.577969999999999709e+04 5.197870999999999464e-01
4.579319999999999709e+04 5.194691000000000169e-01
4.580669999999999709e+04 5.191232000000000069e-01
4.582030000000000291e+04 5.188036000000000314e-01
4.583380000000000291e+04 5.184588999999999448e-01
4.584730000000000291e+04 5.181135999999999520e-01
4.586080000000000291e+04 5.177840999999999694e-01
4.587430000000000291e+04 5.174351000000000367e-01
4.588780000000000291e+04 5.170856000000000341e-01
4.590130000000000291e+04 5.167433000000000165e-01
4.591480000000000291e+04 5.163864999999999705e-01
4.592840000000000146e+04 5.160278999999999838e-01
4.594190000000000146e+04 5.156785000000000396e-01
4.595540000000000146e+04 5.153159999999999963e-01
4.596890000000000146e+04 5.149496000000000073e-01
4.598240000000000146e+04 5.145842999999999945e-01
4.599590000000000146e+04 5.142141999999999546e-01
4.600940000000000146e+04 5.138435999999999559e-01
4.602290000000000146e+04 5.134627000000000496e-01
4.603650000000000000e+04 5.130810999999999567e-01
4.605000000000000000e+04 5.126952999999999649e-01
4.606350000000000000e+04 5.122972000000000081e-01
4.607700000000000000e+04 5.118991999999999987e-01
4.609050000000000000e+04 5.114798000000000400e-01
4.610400000000000000e+04 5.110685999999999840e-01
4.611750000000000000e+04 5.106509999999999661e-01
4.613100000000000000e+04 5.102084999999999537e-01
4.614459999999999854e+04 5.097736999999999963e-01
4.615809999999999854e+04 5.093339000000000061e-01
4.617159999999999854e+04 5.088669999999999582e-01
4.618509999999999854e+04 5.084184999999999954e-01
4.619859999999999854e+04 5.079643000000000352e-01
4.621209999999999854e+04 5.074724000000000457e-01
4.622559999999999854e+04 5.070059999999999567e-01
4.623909999999999854e+04 5.065332999999999641e-01
4.625269999999999709e+04 5.060189000000000492e-01
4.626619999999999709e+04 5.055307999999999469e-01
4.627969999999999709e+04 5.050369000000000108e-01
4.629319999999999709e+04 5.044996999999999954e-01
4.630669999999999709e+04 5.039932999999999774e-01
4.632019999999999709e+04 5.034361000000000530e-01
4.633369999999999709e+04 5.029149000000000536e-01
4.634719999999999709e+04 5.023910000000000320e-01
4.636080000000000291e+04 5.018146999999999469e-01
4.637430000000000291e+04 5.012780999999999487e-01
4.638780000000000291e+04 5.007373999999999992e-01
4.640130000000000291e+04 5.001396000000000175e-01
4.641480000000000291e+04 4.995937999999999768e-01
4.642830000000000291e+04 4.990431000000000172e-01
4.644180000000000291e+04 4.984309000000000101e-01
4.645530000000000291e+04 4.978732000000000157e-01
4.646880000000000291e+04 4.973151000000000099e-01
4.648240000000000146e+04 4.966966999999999910e-01
4.649590000000000146e+04 4.961329999999999907e-01
4.650940000000000146e+04 4.955678000000000027e-01
4.652290000000000146e+04 4.949358999999999842e-01
4.653640000000000146e+04 4.943679999999999741e-01
4.654990000000000146e+04 4.937996000000000052e-01
4.656340000000000146e+04 4.931592000000000198e-01
4.657690000000000146e+04 4.925905999999999896e-01
4.659050000000000000e+04 4.919540000000000024e-01
4.660400000000000000e+04 4.913911999999999725e-01
4.661750000000000000e+04 4.908299999999999885e-01
4.663100000000000000e+04 4.901990999999999987e-01
4.664450000000000000e+04 4.896484999999999865e-01
4.665800000000000000e+04 4.891032000000000157e-01
4.667150000000000000e+04 4.884886999999999979e-01
4.668500000000000000e+04 4.879509000000000207e-01
4.669859999999999854e+04 4.874205999999999817e-01
4.671209999999999854e+04 4.868242999999999876e-01
4.672559999999999854e+04 4.863091999999999970e-01
4.673909999999999854e+04 4.858001000000000125e-01
4.675259999999999854e+04 4.852194000000000229e-01
4.676609999999999854e+04 4.847245000000000026e-01
4.677959999999999854e+04 4.842372999999999816e-01
4.679309999999999854e+04 4.836784000000000083e-01
4.680669999999999709e+04 4.832022999999999735e-01
4.682019999999999709e+04 4.826578000000000257e-01
4.683369999999999709e+04 4.822009999999999907e-01
4.684719999999999709e+04 4.817519000000000107e-01
4.686069999999999709e+04 4.812353999999999798e-01
4.687419999999999709e+04 4.808038000000000034e-01
4.688769999999999709e+04 4.803840999999999806e-01
4.690119999999999709e+04 4.799036999999999886e-01
4.691480000000000291e+04 4.795042999999999944e-01
4.692830000000000291e+04 4.791132000000000168e-01
4.694180000000000291e+04 4.786595000000000155e-01
4.695530000000000291e+04 4.782896999999999843e-01
4.696880000000000291e+04 4.779297000000000128e-01
4.698230000000000291e+04 4.775043999999999955e-01
4.699580000000000291e+04 4.771581999999999768e-01
4.700930000000000291e+04 4.768206999999999862e-01
4.702290000000000146e+04 4.764256000000000046e-01
4.703640000000000146e+04 4.761042999999999803e-01
4.704990000000000146e+04 4.757868000000000097e-01
4.706340000000000146e+04 4.754142000000000090e-01
4.707690000000000146e+04 4.751153000000000182e-01
4.709040000000000146e+04 4.747626999999999819e-01
4.710390000000000146e+04 4.744764000000000204e-01
4.711740000000000146e+04 4.741947000000000245e-01
4.713100000000000000e+04 4.738632999999999873e-01
4.714450000000000000e+04 4.735970999999999931e-01
4.715800000000000000e+04 4.733359999999999790e-01
4.717150000000000000e+04 4.730207000000000161e-01
4.718500000000000000e+04 4.727632999999999974e-01
4.719850000000000000e+04 4.725108000000000086e-01
4.721200000000000000e+04 4.722090999999999927e-01
4.722550000000000000e+04 4.719584000000000001e-01
4.723909999999999854e+04 4.717061000000000170e-01
4.725259999999999854e+04 4.714100999999999986e-01
4.726609999999999854e+04 4.711627999999999927e-01
4.727959999999999854e+04 4.709130999999999734e-01
4.729309999999999854e+04 4.706203999999999943e-01
4.730659999999999854e+04 4.703671999999999853e-01
4.732009999999999854e+04 4.700788000000000189e-01
4.733359999999999854e+04 4.698280000000000234e-01
4.734709999999999854e+04 4.695721999999999952e-01
4.736069999999999709e+04 4.692801999999999807e-01
4.737419999999999709e+04 4.690177999999999847e-01
4.738769999999999709e+04 4.687548999999999744e-01
4.740119999999999709e+04 4.684605000000000019e-01
4.741469999999999709e+04 4.681860999999999939e-01
4.742819999999999709e+04 4.679056999999999800e-01
4.744169999999999709e+04 4.675989999999999869e-01
4.745519999999999709e+04 4.673112999999999850e-01
4.746880000000000291e+04 4.670147000000000048e-01
4.748230000000000291e+04 4.666923000000000044e-01
4.749580000000000291e+04 4.663807999999999843e-01
4.750930000000000291e+04 4.660640999999999812e-01
4.752280000000000291e+04 4.657319999999999793e-01
4.753630000000000291e+04 4.654023999999999939e-01
4.754980000000000291e+04 4.650646999999999975e-01
4.756330000000000291e+04 4.647177000000000113e-01
4.757690000000000146e+04 4.643731999999999860e-01
4.759040000000000146e+04 4.640226000000000073e-01
4.760390000000000146e+04 4.636648999999999909e-01
4.761740000000000146e+04 4.633009000000000155e-01
4.763090000000000146e+04 4.629210999999999743e-01
4.764440000000000146e+04 4.625336999999999921e-01
4.765790000000000146e+04 4.621397999999999895e-01
4.767140000000000146e+04 4.617294000000000120e-01
4.768500000000000000e+04 4.613223000000000185e-01
4.769850000000000000e+04 4.609128000000000114e-01
4.771200000000000000e+04 4.604965999999999782e-01
4.772550000000000000e+04 4.600778999999999841e-01
4.773900000000000000e+04 4.596525000000000194e-01
4.775250000000000000e+04 4.592283999999999811e-01
4.776600000000000000e+04 4.588028000000000106e-01
4.777950000000000000e+04 4.583735999999999922e-01
4.779309999999999854e+04 4.579480000000000217e-01
4.780659999999999854e+04 4.575130000000000030e-01
4.782009999999999854e+04 4.570910999999999724e-01
4.783359999999999854e+04 4.566617000000000037e-01
4.784709999999999854e+04 4.562303999999999804e-01
4.786059999999999854e+04 4.558125000000000093e-01
4.787409999999999854e+04 4.553807999999999745e-01
4.788759999999999854e+04 4.549534000000000078e-01
4.790119999999999709e+04 4.545471999999999846e-01
4.791469999999999709e+04 4.541220000000000256e-01
4.792819999999999709e+04 4.536966000000000054e-01
4.794169999999999709e+04 4.532955000000000179e-01
4.795519999999999709e+04 4.528781000000000057e-01
4.796869999999999709e+04 4.524633000000000127e-01
4.798219999999999709e+04 4.520734000000000141e-01
4.799569999999999709e+04 4.516607000000000260e-01
4.800930000000000291e+04 4.512522999999999951e-01
4.802280000000000291e+04 4.508777999999999953e-01
4.803630000000000291e+04 4.504778999999999867e-01
4.804980000000000291e+04 4.500778999999999752e-01
4.806330000000000291e+04 4.497127000000000208e-01
4.807680000000000291e+04 4.493230999999999753e-01
4.809030000000000291e+04 4.489720999999999851e-01
4.810380000000000291e+04 4.485914999999999764e-01
4.811740000000000146e+04 4.482115999999999878e-01
4.813090000000000146e+04 4.478710000000000191e-01
4.814440000000000146e+04 4.475019000000000080e-01
4.815790000000000146e+04 4.471363999999999894e-01
4.817140000000000146e+04 4.468069000000000068e-01
4.818490000000000146e+04 4.464396999999999949e-01
4.819840000000000146e+04 4.460746999999999907e-01
4.821190000000000146e+04 4.457495000000000207e-01
4.822550000000000000e+04 4.453862000000000099e-01
4.823900000000000000e+04 4.450196000000000152e-01
4.825250000000000000e+04 4.446879000000000248e-01
4.826600000000000000e+04 4.443190000000000195e-01
4.827950000000000000e+04 4.439506999999999759e-01
4.829300000000000000e+04 4.436174999999999979e-01
4.830650000000000000e+04 4.432401000000000257e-01
4.832000000000000000e+04 4.428969999999999851e-01
4.833350000000000000e+04 4.425144999999999773e-01
4.834709999999999854e+04 4.421304999999999819e-01
4.836059999999999854e+04 4.417784000000000155e-01
4.837409999999999854e+04 4.413784000000000041e-01
4.838759999999999854e+04 4.409699999999999731e-01
4.840109999999999854e+04 4.405943999999999972e-01
4.841459999999999854e+04 4.401727999999999752e-01
4.842809999999999854e+04 4.397380000000000178e-01
4.844159999999999854e+04 4.393271999999999733e-01
4.845519999999999709e+04 4.388662999999999870e-01
4.846869999999999709e+04 4.383958000000000022e-01
4.848219999999999709e+04 4.379511999999999849e-01
4.849569999999999709e+04 4.374532999999999894e-01
4.850919999999999709e+04 4.369409000000000209e-01
4.852269999999999709e+04 4.364510999999999807e-01
4.853619999999999709e+04 4.359154000000000084e-01
4.854969999999999709e+04 4.353678000000000270e-01
4.856330000000000291e+04 4.348361000000000032e-01
4.857680000000000291e+04 4.342554000000000136e-01
4.859030000000000291e+04 4.336933000000000038e-01
4.860380000000000291e+04 4.330877000000000199e-01
4.861730000000000291e+04 4.324688999999999894e-01
4.863080000000000291e+04 4.318621000000000265e-01
4.864430000000000291e+04 4.312095000000000233e-01
4.865780000000000291e+04 4.305431000000000119e-01
4.867140000000000146e+04 4.298922000000000021e-01
4.868490000000000146e+04 4.291984999999999828e-01
4.869840000000000146e+04 4.284872000000000125e-01
4.871190000000000146e+04 4.277867000000000197e-01
4.872540000000000146e+04 4.270493000000000205e-01
4.873890000000000146e+04 4.263023000000000229e-01
4.875240000000000146e+04 4.255652999999999797e-01
4.876590000000000146e+04 4.247923000000000116e-01
4.877950000000000000e+04 4.240096999999999894e-01
4.879300000000000000e+04 4.231087000000000042e-01
4.880650000000000000e+04 4.221826000000000190e-01
4.882000000000000000e+04 4.212487999999999788e-01
4.883350000000000000e+04 4.201925000000000243e-01
4.884700000000000000e+04 4.192451999999999845e-01
4.886050000000000000e+04 4.181808000000000192e-01
4.887400000000000000e+04 4.172307000000000099e-01
4.888759999999999854e+04 4.162764999999999938e-01
4.890109999999999854e+04 4.152002000000000193e-01
4.891459999999999854e+04 4.142406000000000144e-01
4.892809999999999854e+04 4.132836999999999761e-01
4.894159999999999854e+04 4.122081000000000217e-01
4.895509999999999854e+04 4.112516999999999978e-01
4.896859999999999854e+04 4.102944000000000035e-01
4.898209999999999854e+04 4.092167999999999917e-01
4.899569999999999709e+04 4.082671999999999968e-01
4.900919999999999709e+04 4.073224999999999763e-01
4.902269999999999709e+04 4.062555999999999945e-01
4.903619999999999709e+04 4.053154999999999952e-01
4.904969999999999709e+04 4.043815000000000048e-01
4.906319999999999709e+04 4.033283999999999758e-01
4.907669999999999709e+04 4.024076999999999793e-01
4.909019999999999709e+04 4.013602000000000003e-01
4.910380000000000291e+04 4.004420000000000202e-01
4.911730000000000291e+04 3.995276999999999856e-01
4.913080000000000291e+04 3.984867999999999744e-01
4.914430000000000291e+04 3.975775999999999755e-01
4.915780000000000291e+04 3.966642000000000223e-01
4.917130000000000291e+04 3.956127999999999867e-01
4.918480000000000291e+04 3.946890000000000120e-01
4.919830000000000291e+04 3.937610000000000277e-01
4.921180000000000291e+04 3.926889000000000074e-01
4.922540000000000146e+04 3.917359999999999731e-01
4.923890000000000146e+04 3.907663000000000109e-01
4.925240000000000146e+04 3.896425000000000027e-01
4.926590000000000146e+04 3.886387000000000036e-01
4.927940000000000146e+04 3.876093999999999928e-01
4.929290000000000146e+04 3.864138999999999768e-01
4.930640000000000146e+04 3.853230000000000266e-01
4.931990000000000146e+04 3.841991000000000156e-01
4.933350000000000000e+04 3.829022000000000259e-01
4.934700000000000000e+04 3.816995000000000249e-01
4.936050000000000000e+04 3.803105999999999987e-01
4.937400000000000000e+04 3.790028999999999759e-01
4.938750000000000000e+04 3.776419999999999777e-01
4.940100000000000000e+04 3.760795000000000110e-01
4.941450000000000000e+04 3.745902999999999872e-01
4.942800000000000000e+04 3.730298000000000225e-01
4.944159999999999854e+04 3.712445999999999802e-01
4.945509999999999854e+04 3.695268999999999915e-01
4.946859999999999854e+04 3.677201999999999971e-01
4.948209999999999854e+04 3.656890999999999892e-01
4.949559999999999854e+04 3.637038000000000215e-01
4.950909999999999854e+04 3.616205000000000114e-01
4.952259999999999854e+04 3.593044000000000238e-01
4.953609999999999854e+04 3.570239000000000051e-01
4.954969999999999709e+04 3.546501000000000237e-01
4.956319999999999709e+04 3.520207000000000197e-01
4.957669999999999709e+04 3.494284999999999752e-01
4.959019999999999709e+04 3.465886000000000244e-01
4.960369999999999709e+04 3.437812000000000090e-01
4.961719999999999709e+04 3.408712999999999882e-01
4.963069999999999709e+04 3.377076999999999996e-01
4.964419999999999709e+04 3.345826000000000078e-01
4.965780000000000291e+04 3.313402999999999765e-01
4.967130000000000291e+04 3.278713999999999795e-01
4.968480000000000291e+04 3.244316999999999895e-01
4.969830000000000291e+04 3.208915999999999991e-01
4.971180000000000291e+04 3.171266999999999836e-01
4.972530000000000291e+04 3.133931999999999829e-01
4.973880000000000291e+04 3.095838000000000201e-01
4.975230000000000291e+04 3.055511000000000199e-01
4.976590000000000146e+04 3.015735999999999972e-01
4.977940000000000146e+04 2.975124000000000102e-01
4.979290000000000146e+04 2.932606999999999853e-01
4.980640000000000146e+04 2.890693999999999764e-01
4.981990000000000146e+04 2.848138000000000059e-01
4.983340000000000146e+04 2.803919999999999746e-01
4.984690000000000146e+04 2.760255999999999821e-01
4.986040000000000146e+04 2.715117000000000225e-01
4.987400000000000000e+04 2.670687999999999951e-01
4.988750000000000000e+04 2.625987000000000182e-01
4.990100000000000000e+04 2.579904000000000086e-01
4.991450000000000000e+04 2.534671000000000007e-01
4.992800000000000000e+04 2.489310999999999885e-01
4.994150000000000000e+04 2.442747999999999864e-01
4.995500000000000000e+04 2.397280999999999995e-01
4.996850000000000000e+04 2.351710999999999940e-01
4.998209999999999854e+04 2.305236999999999981e-01
4.999559999999999854e+04 2.259798000000000084e-01
5.000909999999999854e+04 2.214502000000000137e-01
5.002259999999999854e+04 2.169010000000000105e-01
5.003609999999999854e+04 2.124341999999999897e-01
5.004959999999999854e+04 2.079930000000000112e-01
5.006309999999999854e+04 2.035088999999999926e-01
5.007659999999999854e+04 1.991093999999999919e-01
5.009009999999999854e+04 1.946958000000000022e-01
5.010369999999999709e+04 1.903817999999999899e-01
5.011719999999999709e+04 1.861037000000000108e-01
5.013069999999999709e+04 1.817951999999999901e-01
5.014419999999999709e+04 1.776031000000000137e-01
5.015769999999999709e+04 1.734536000000000133e-01
5.017119999999999709e+04 1.692966999999999944e-01
5.018469999999999709e+04 1.652392000000000027e-01
5.019819999999999709e+04 1.612348000000000114e-01
5.021180000000000291e+04 1.572274999999999923e-01
5.022530000000000291e+04 1.533269999999999911e-01
5.023880000000000291e+04 1.494779999999999998e-01
5.025230000000000291e+04 1.456330999999999876e-01
5.026580000000000291e+04 1.418899000000000132e-01
5.027930000000000291e+04 1.381963999999999970e-01
5.029280000000000291e+04 1.345154000000000072e-01
5.030630000000000291e+04 1.309277000000000080e-01
5.031990000000000146e+04 1.273943999999999910e-01
5.033340000000000146e+04 1.238661000000000068e-01
5.034690000000000146e+04 1.204313000000000050e-01
5.036040000000000146e+04 1.170064999999999994e-01
5.037390000000000146e+04 1.136717000000000005e-01
5.038740000000000146e+04 1.103864999999999985e-01
5.040090000000000146e+04 1.071108999999999950e-01
5.041440000000000146e+04 1.039236000000000049e-01
5.042800000000000000e+04 1.007804999999999951e-01
5.044150000000000000e+04 9.765788999999999720e-02
5.045500000000000000e+04 9.461303999999999548e-02
5.046850000000000000e+04 9.161824999999999830e-02
5.048200000000000000e+04 8.863806999999999936e-02
5.049550000000000000e+04 8.573753000000000624e-02
5.050900000000000000e+04 8.288486000000000464e-02
5.052250000000000000e+04 8.005039999999999378e-02
5.053609999999999854e+04 7.729371999999999632e-02
5.054959999999999854e+04 7.458030000000000215e-02
5.056309999999999854e+04 7.189357999999999860e-02
5.057659999999999854e+04 6.927727999999999664e-02
5.059009999999999854e+04 6.668978999999999879e-02
5.060359999999999854e+04 6.417180999999999580e-02
5.061709999999999854e+04 6.170446000000000264e-02
5.063059999999999854e+04 5.926424999999999749e-02
5.064419999999999709e+04 5.691051999999999916e-02
5.065769999999999709e+04 5.460825999999999875e-02
5.067119999999999709e+04 5.234853999999999896e-02
5.068469999999999709e+04 5.015069999999999945e-02
5.069819999999999709e+04 4.800308999999999826e-02
5.071169999999999709e+04 4.590748000000000051e-02
5.072519999999999709e+04 4.387188000000000199e-02
5.073869999999999709e+04 4.189567999999999764e-02
5.075230000000000291e+04 3.996866999999999781e-02
5.076580000000000291e+04 3.810670000000000029e-02
5.077930000000000291e+04 3.630255000000000287e-02
5.079280000000000291e+04 3.455173000000000272e-02
5.080630000000000291e+04 3.286588000000000009e-02
5.081980000000000291e+04 3.123770000000000019e-02
5.083330000000000291e+04 2.966434000000000085e-02
5.084680000000000291e+04 2.815279999999999866e-02
5.086040000000000146e+04 2.669660999999999909e-02
5.087390000000000146e+04 2.530177000000000120e-02
5.088740000000000146e+04 2.396529999999999841e-02
5.090090000000000146e+04 2.268014999999999962e-02
5.091440000000000146e+04 2.145562999999999984e-02
5.092790000000000146e+04 2.028564999999999882e-02
5.094140000000000146e+04 1.916589999999999960e-02
5.095490000000000146e+04 1.810265999999999958e-02
5.096840000000000146e+04 1.709025000000000127e-02
5.098200000000000000e+04 1.612442000000000042e-02
5.099550000000000000e+04 1.520982000000000063e-02
5.100900000000000000e+04 1.434258000000000061e-02
5.102250000000000000e+04 1.351749000000000006e-02
5.103600000000000000e+04 1.273957000000000041e-02
5.104950000000000000e+04 1.200342000000000076e-02
5.106300000000000000e+04 1.130515999999999986e-02
5.107650000000000000e+04 1.064802999999999930e-02
5.109009999999999854e+04 1.002544999999999999e-02
5.110359999999999854e+04 9.440465999999999788e-03
5.111709999999999854e+04 8.888813000000000616e-03
5.113059999999999854e+04 8.366637999999999159e-03
5.114409999999999854e+04 7.876548000000000577e-03
5.115759999999999854e+04 7.414971000000000236e-03
5.117109999999999854e+04 6.978459999999999698e-03
5.118459999999999854e+04 6.569565999999999774e-03
5.119819999999999709e+04 6.184891999999999994e-03
5.121169999999999709e+04 5.821447000000000427e-03
5.122519999999999709e+04 5.481459999999999631e-03
5.123869999999999709e+04 5.161957000000000004e-03
5.125219999999999709e+04 4.860444999999999696e-03
5.126569999999999709e+04 4.578686999999999688e-03
5.127919999999999709e+04 4.314120000000000281e-03
5.129269999999999709e+04 4.064420000000000012e-03
5.130630000000000291e+04 3.831278999999999935e-03
5.131980000000000291e+04 3.612419999999999867e-03
5.133330000000000291e+04 3.405721000000000009e-03
5.134680000000000291e+04 3.212639000000000206e-03
5.136030000000000291e+04 3.030101999999999796e-03
5.137380000000000291e+04 2.859595999999999839e-03
5.138730000000000291e+04 2.699419000000000211e-03
5.140080000000000291e+04 2.548075999999999813e-03
5.141440000000000146e+04 2.406760999999999883e-03
5.142790000000000146e+04 2.274043999999999805e-03
5.144140000000000146e+04 2.148533000000000213e-03
5.145490000000000146e+04 2.031495999999999823e-03
5.146840000000000146e+04 1.921556999999999953e-03
5.148190000000000146e+04 1.817473000000000005e-03
5.149540000000000146e+04 1.720189000000000006e-03
5.150890000000000146e+04 1.628625000000000081e-03
5.152250000000000000e+04 1.541784000000000036e-03
5.153600000000000000e+04 1.460715999999999924e-03
5.154950000000000000e+04 1.384405999999999918e-03
5.156300000000000000e+04 1.311864999999999950e-03
5.157650000000000000e+04 1.243961999999999932e-03
5.159000000000000000e+04 1.179399000000000029e-03
5.160350000000000000e+04 1.119074999999999974e-03
5.161700000000000000e+04 1.062245999999999980e-03
5.163059999999999854e+04 1.008266000000000067e-03
5.164409999999999854e+04 9.577484000000000474e-04
5.165759999999999854e+04 9.101145000000000155e-04
5.167109999999999854e+04 8.648377000000000495e-04
5.168459999999999854e+04 8.225742999999999553e-04
5.169809999999999854e+04 7.827131000000000192e-04
5.171159999999999854e+04 7.446046999999999692e-04
5.172509999999999854e+04 7.087667000000000186e-04
5.173869999999999709e+04 6.747494000000000148e-04
5.175219999999999709e+04 6.421079999999999583e-04
5.176569999999999709e+04 6.113520000000000109e-04
5.177919999999999709e+04 5.820213999999999770e-04
5.179269999999999709e+04 5.537183999999999466e-04
5.180619999999999709e+04 5.269991999999999602e-04
5.181969999999999709e+04 5.017535999999999524e-04
5.183319999999999709e+04 4.776800000000000208e-04
5.184680000000000291e+04 4.552003999999999794e-04
5.186030000000000291e+04 4.337165000000000139e-04
5.187380000000000291e+04 4.136308000000000107e-04
5.188730000000000291e+04 3.946884999999999803e-04
5.190080000000000291e+04 3.767692000000000111e-04
5.191430000000000291e+04 3.602093000000000005e-04
5.192780000000000291e+04 3.445550000000000240e-04
5.194130000000000291e+04 3.295317999999999880e-04
5.195480000000000291e+04 3.154211000000000081e-04
5.196840000000000146e+04 0.000000000000000000e+00
